================================================================================
AxisForge — Fatigue Stress Analysis — Shaft
================================================================================
Project  : demo_reducer_2stages
Element  : shaft_3
Script   : shaft_3.py
Date     : 2026-05-29 12:15:24
Solver   : StressSolver v1.0
Standard : Shigley 10th ed. §7-4
================================================================================

  Material      : 42CrMo4
  Surface finish: machined
  Reliability   : 99 %
  Sut           : 1000.0 MPa
  Sy            : 800.0 MPa

--------------------------------------------------------------------------------
    x [mm]    d [mm]      Kf     Kfs   σ_a [MPa]   σ_m [MPa]    nf_GM   nf_ASME       ny   Safe
  ----------------------------------------------------------------------------
    400.00     40.00   1.000   1.000     987.987      41.350    0.246     0.249    0.777      ✗
    399.60     40.00   1.000   1.000     986.856      41.350    0.247     0.249    0.778      ✗
    399.20     40.00   1.000   1.000     985.726      41.350    0.247     0.249    0.779      ✗
    398.80     40.00   1.000   1.000     984.596      41.350    0.247     0.250    0.780      ✗
    398.40     40.00   1.000   1.000     983.466      41.350    0.247     0.250    0.781      ✗
    398.00     40.00   1.000   1.000     982.335      41.350    0.248     0.250    0.781      ✗
    397.60     40.00   1.000   1.000     981.205      41.350    0.248     0.251    0.782      ✗
    397.20     40.00   1.000   1.000     980.075      41.350    0.248     0.251    0.783      ✗
    396.80     40.00   1.000   1.000     978.945      41.350    0.249     0.251    0.784      ✗
    396.40     40.00   1.000   1.000     977.814      41.350    0.249     0.251    0.785      ✗
    396.00     40.00   1.000   1.000     976.684      41.350    0.249     0.252    0.786      ✗
    395.60     40.00   1.000   1.000     975.554      41.350    0.249     0.252    0.787      ✗
    395.20     40.00   1.000   1.000     974.424      41.350    0.250     0.252    0.788      ✗
    394.79     40.00   1.000   1.000     973.293      41.350    0.250     0.253    0.788      ✗
    394.39     40.00   1.000   1.000     972.163      41.350    0.250     0.253    0.789      ✗
    393.99     40.00   1.000   1.000     971.033      41.350    0.251     0.253    0.790      ✗
    393.59     40.00   1.000   1.000     969.903      41.350    0.251     0.254    0.791      ✗
    393.19     40.00   1.000   1.000     968.772      41.350    0.251     0.254    0.792      ✗
    392.79     40.00   1.000   1.000     967.642      41.350    0.251     0.254    0.793      ✗
    392.39     40.00   1.000   1.000     966.512      41.350    0.252     0.254    0.794      ✗
    391.99     40.00   1.000   1.000     965.382      41.350    0.252     0.255    0.795      ✗
    391.59     40.00   1.000   1.000     964.251      41.350    0.252     0.255    0.796      ✗
    391.19     40.00   1.000   1.000     963.121      41.350    0.253     0.255    0.796      ✗
    390.79     40.00   1.000   1.000     961.991      41.350    0.253     0.256    0.797      ✗
    390.39     40.00   1.000   1.000     960.861      41.350    0.253     0.256    0.798      ✗
    389.99     40.00   1.000   1.000     959.730      41.350    0.254     0.256    0.799      ✗
    389.59     40.00   1.000   1.000     958.600      41.350    0.254     0.257    0.800      ✗
    389.19     40.00   1.000   1.000     957.470      41.350    0.254     0.257    0.801      ✗
    388.79     40.00   1.000   1.000     956.340      41.350    0.254     0.257    0.802      ✗
    388.39     40.00   1.000   1.000     955.209      41.350    0.255     0.257    0.803      ✗
    387.99     40.00   1.000   1.000     954.079      41.350    0.255     0.258    0.804      ✗
    387.59     40.00   1.000   1.000     952.949      41.350    0.255     0.258    0.805      ✗
    387.19     40.00   1.000   1.000     951.818      41.350    0.256     0.258    0.806      ✗
    386.79     40.00   1.000   1.000     950.688      41.350    0.256     0.259    0.806      ✗
    386.39     40.00   1.000   1.000     949.558      41.350    0.256     0.259    0.807      ✗
    385.99     40.00   1.000   1.000     948.428      41.350    0.257     0.259    0.808      ✗
    385.59     40.00   1.000   1.000     947.297      41.350    0.257     0.260    0.809      ✗
    385.19     40.00   1.000   1.000     946.167      41.350    0.257     0.260    0.810      ✗
    384.78     40.00   1.000   1.000     945.037      41.350    0.257     0.260    0.811      ✗
    384.38     40.00   1.000   1.000     943.907      41.350    0.258     0.260    0.812      ✗
    383.98     40.00   1.000   1.000     942.776      41.350    0.258     0.261    0.813      ✗
    383.58     40.00   1.000   1.000     941.646      41.350    0.258     0.261    0.814      ✗
    383.18     40.00   1.000   1.000     940.516      41.350    0.259     0.261    0.815      ✗
    382.78     40.00   1.000   1.000     939.386      41.350    0.259     0.262    0.816      ✗
    382.38     40.00   1.000   1.000     938.255      41.350    0.259     0.262    0.817      ✗
    381.98     40.00   1.000   1.000     937.125      41.350    0.260     0.262    0.818      ✗
    381.58     40.00   1.000   1.000     935.995      41.350    0.260     0.263    0.819      ✗
    381.18     40.00   1.000   1.000     934.865      41.350    0.260     0.263    0.819      ✗
    380.78     40.00   1.000   1.000     933.734      41.350    0.261     0.263    0.820      ✗
    380.38     40.00   1.000   1.000     932.604      41.350    0.261     0.264    0.821      ✗
    379.98     40.00   1.000   1.000     931.476      41.350    0.261     0.264    0.822      ✗
    379.58     40.00   1.000   1.000     930.393      41.350    0.261     0.264    0.823      ✗
    379.18     40.00   1.000   1.000     929.310      41.350    0.262     0.265    0.824      ✗
    378.78     40.00   1.000   1.000     928.227      41.350    0.262     0.265    0.825      ✗
    378.38     40.00   1.000   1.000     927.144      41.350    0.262     0.265    0.826      ✗
    377.98     40.00   1.000   1.000     926.060      41.350    0.263     0.266    0.827      ✗
    377.58     40.00   1.000   1.000     924.977      41.350    0.263     0.266    0.828      ✗
    377.18     40.00   1.000   1.000     923.894      41.350    0.263     0.266    0.829      ✗
    376.78     40.00   1.000   1.000     922.811      41.350    0.264     0.266    0.830      ✗
    376.38     40.00   1.000   1.000     921.728      41.350    0.264     0.267    0.831      ✗
    375.98     40.00   1.000   1.000     920.645      41.350    0.264     0.267    0.832      ✗
    375.58     40.00   1.000   1.000     919.561      41.350    0.264     0.267    0.833      ✗
    375.18     40.00   1.000   1.000     918.478      41.350    0.265     0.268    0.833      ✗
    374.77     40.00   1.000   1.000     917.395      41.350    0.265     0.268    0.834      ✗
    374.37     40.00   1.000   1.000     916.312      41.350    0.265     0.268    0.835      ✗
    373.97     40.00   1.000   1.000     915.229      41.350    0.266     0.269    0.836      ✗
    373.57     40.00   1.000   1.000     914.146      41.350    0.266     0.269    0.837      ✗
    373.17     40.00   1.000   1.000     913.062      41.350    0.266     0.269    0.838      ✗
    372.77     40.00   1.000   1.000     911.979      41.350    0.267     0.270    0.839      ✗
    372.37     40.00   1.000   1.000     910.896      41.350    0.267     0.270    0.840      ✗
    371.97     40.00   1.000   1.000     909.813      41.350    0.267     0.270    0.841      ✗
    371.57     40.00   1.000   1.000     908.730      41.350    0.268     0.271    0.842      ✗
    371.17     40.00   1.000   1.000     907.647      41.350    0.268     0.271    0.843      ✗
    370.77     40.00   1.000   1.000     906.563      41.350    0.268     0.271    0.844      ✗
    370.37     40.00   1.000   1.000     905.480      41.350    0.269     0.272    0.845      ✗
    369.97     40.00   1.000   1.000     904.397      41.350    0.269     0.272    0.846      ✗
    369.57     40.00   1.000   1.000     903.314      41.350    0.269     0.272    0.847      ✗
    369.17     40.00   1.000   1.000     902.231      41.350    0.270     0.273    0.848      ✗
    368.77     40.00   1.000   1.000     901.148      41.350    0.270     0.273    0.849      ✗
    368.37     40.00   1.000   1.000     900.064      41.350    0.270     0.273    0.850      ✗
    367.97     40.00   1.000   1.000     898.981      41.350    0.270     0.274    0.851      ✗
    367.57     40.00   1.000   1.000     897.898      41.350    0.271     0.274    0.852      ✗
    367.17     40.00   1.000   1.000     896.815      41.350    0.271     0.274    0.853      ✗
    366.77     40.00   1.000   1.000     895.732      41.350    0.271     0.275    0.854      ✗
    366.37     40.00   1.000   1.000     894.649      41.350    0.272     0.275    0.855      ✗
    365.97     40.00   1.000   1.000     893.565      41.350    0.272     0.275    0.856      ✗
    365.57     40.00   1.000   1.000     892.482      41.350    0.272     0.276    0.857      ✗
    365.17     40.00   1.000   1.000     891.399      41.350    0.273     0.276    0.858      ✗
    364.76     40.00   1.000   1.000     890.316      41.350    0.273     0.276    0.859      ✗
    364.36     40.00   1.000   1.000     889.233      41.350    0.273     0.277    0.860      ✗
    363.96     40.00   1.000   1.000     888.150      41.350    0.274     0.277    0.861      ✗
    363.56     40.00   1.000   1.000     887.066      41.350    0.274     0.277    0.862      ✗
    363.16     40.00   1.000   1.000     885.983      41.350    0.274     0.278    0.863      ✗
    362.76     40.00   1.000   1.000     884.900      41.350    0.275     0.278    0.864      ✗
    362.36     40.00   1.000   1.000     883.817      41.350    0.275     0.278    0.865      ✗
    361.96     40.00   1.000   1.000     882.734      41.350    0.275     0.279    0.866      ✗
    361.56     40.00   1.000   1.000     881.651      41.350    0.276     0.279    0.867      ✗
    361.16     40.00   1.000   1.000     880.567      41.350    0.276     0.279    0.868      ✗
    360.76     40.00   1.000   1.000     879.484      41.350    0.276     0.280    0.869      ✗
    360.36     40.00   1.000   1.000     878.401      41.350    0.277     0.280    0.870      ✗
    359.96     40.00   1.000   1.000     877.318      41.350    0.277     0.280    0.871      ✗
    359.56     40.00   1.000   1.000     876.235      41.350    0.277     0.281    0.872      ✗
    359.16     40.00   1.000   1.000     875.152      41.350    0.278     0.281    0.873      ✗
    358.76     40.00   1.000   1.000     874.068      41.350    0.278     0.281    0.874      ✗
    358.36     40.00   1.000   1.000     872.985      41.350    0.278     0.282    0.875      ✗
    357.96     40.00   1.000   1.000     871.902      41.350    0.279     0.282    0.876      ✗
    357.56     40.00   1.000   1.000     870.819      41.350    0.279     0.282    0.877      ✗
    357.16     40.00   1.000   1.000     869.736      41.350    0.279     0.283    0.878      ✗
    356.76     40.00   1.000   1.000     868.653      41.350    0.280     0.283    0.879      ✗
    356.36     40.00   1.000   1.000     867.570      41.350    0.280     0.283    0.880      ✗
    355.96     40.00   1.000   1.000     866.486      41.350    0.281     0.284    0.881      ✗
    355.56     40.00   1.000   1.000     865.403      41.350    0.281     0.284    0.882      ✗
    355.16     40.00   1.000   1.000     864.320      41.350    0.281     0.284    0.883      ✗
    354.75     40.00   1.000   1.000     863.237      41.350    0.282     0.285    0.884      ✗
    354.35     40.00   1.000   1.000     862.154      41.350    0.282     0.285    0.885      ✗
    353.95     40.00   1.000   1.000     861.071      41.350    0.282     0.286    0.887      ✗
    353.55     40.00   1.000   1.000     859.987      41.350    0.283     0.286    0.888      ✗
    353.15     40.00   1.000   1.000     858.904      41.350    0.283     0.286    0.889      ✗
    352.75     40.00   1.000   1.000     857.821      41.350    0.283     0.287    0.890      ✗
    352.35     40.00   1.000   1.000     856.738      41.350    0.284     0.287    0.891      ✗
    351.95     40.00   1.000   1.000     855.655      41.350    0.284     0.287    0.892      ✗
    351.55     40.00   1.000   1.000     854.572      41.350    0.284     0.288    0.893      ✗
    351.15     40.00   1.000   1.000     853.488      41.350    0.285     0.288    0.894      ✗
    350.75     40.00   1.000   1.000     852.405      41.350    0.285     0.288    0.895      ✗
    350.35     40.00   1.000   1.000     851.322      41.350    0.285     0.289    0.896      ✗
    349.95     40.00   1.000   1.000     850.239      41.350    0.286     0.289    0.897      ✗
    349.55     40.00   1.000   1.000     849.156      41.350    0.286     0.290    0.898      ✗
    349.15     40.00   1.000   1.000     848.073      41.350    0.287     0.290    0.899      ✗
    348.75     40.00   1.000   1.000     846.989      41.350    0.287     0.290    0.901      ✗
    348.35     40.00   1.000   1.000     845.906      41.350    0.287     0.291    0.902      ✗
    347.95     40.00   1.000   1.000     844.823      41.350    0.288     0.291    0.903      ✗
    347.55     40.00   1.000   1.000     843.740      41.350    0.288     0.291    0.904      ✗
    347.15     40.00   1.000   1.000     842.657      41.350    0.288     0.292    0.905      ✗
    346.75     40.00   1.000   1.000     841.574      41.350    0.289     0.292    0.906      ✗
    346.35     40.00   1.000   1.000     840.490      41.350    0.289     0.293    0.907      ✗
    345.95     40.00   1.000   1.000     839.407      41.350    0.289     0.293    0.908      ✗
    345.55     40.00   1.000   1.000     838.324      41.350    0.290     0.293    0.909      ✗
    345.15     40.00   1.000   1.000     837.241      41.350    0.290     0.294    0.911      ✗
    344.74     40.00   1.000   1.000     836.158      41.350    0.291     0.294    0.912      ✗
    344.34     40.00   1.000   1.000     835.075      41.350    0.291     0.294    0.913      ✗
    343.94     40.00   1.000   1.000     833.991      41.350    0.291     0.295    0.914      ✗
    343.54     40.00   1.000   1.000     832.908      41.350    0.292     0.295    0.915      ✗
    343.14     40.00   1.000   1.000     831.825      41.350    0.292     0.296    0.916      ✗
    342.74     40.00   1.000   1.000     830.742      41.350    0.292     0.296    0.917      ✗
    342.34     40.00   1.000   1.000     829.659      41.350    0.293     0.296    0.918      ✗
    341.94     40.00   1.000   1.000     828.576      41.350    0.293     0.297    0.920      ✗
    341.54     40.00   1.000   1.000     827.492      41.350    0.294     0.297    0.921      ✗
    341.14     40.00   1.000   1.000     826.409      41.350    0.294     0.298    0.922      ✗
    340.74     40.00   1.000   1.000     825.326      41.350    0.294     0.298    0.923      ✗
    340.34     40.00   1.000   1.000     824.243      41.350    0.295     0.298    0.924      ✗
    339.94     40.00   1.000   1.000     823.160      41.350    0.295     0.299    0.925      ✗
    339.54     40.00   1.000   1.000     822.077      41.350    0.295     0.299    0.927      ✗
    339.14     40.00   1.000   1.000     820.993      41.350    0.296     0.299    0.928      ✗
    338.74     40.00   1.000   1.000     819.910      41.350    0.296     0.300    0.929      ✗
    338.34     40.00   1.000   1.000     818.827      41.350    0.297     0.300    0.930      ✗
    337.94     40.00   1.000   1.000     817.744      41.350    0.297     0.301    0.931      ✗
    337.54     40.00   1.000   1.000     816.661      41.350    0.297     0.301    0.932      ✗
    337.14     40.00   1.000   1.000     815.578      41.350    0.298     0.301    0.934      ✗
    336.74     40.00   1.000   1.000     814.494      41.350    0.298     0.302    0.935      ✗
    336.34     40.00   1.000   1.000     813.411      41.350    0.299     0.302    0.936      ✗
    335.94     40.00   1.000   1.000     812.328      41.350    0.299     0.303    0.937      ✗
    335.54     40.00   1.000   1.000     811.245      41.350    0.299     0.303    0.938      ✗
    335.14     40.00   1.000   1.000     810.162      41.350    0.300     0.303    0.940      ✗
    334.73     40.00   1.000   1.000     809.079      41.350    0.300     0.304    0.941      ✗
    334.33     40.00   1.000   1.000     807.996      41.350    0.301     0.304    0.942      ✗
    333.93     40.00   1.000   1.000     806.912      41.350    0.301     0.305    0.943      ✗
    333.53     40.00   1.000   1.000     805.829      41.350    0.301     0.305    0.944      ✗
    333.13     40.00   1.000   1.000     804.746      41.350    0.302     0.306    0.946      ✗
    332.73     40.00   1.000   1.000     803.663      41.350    0.302     0.306    0.947      ✗
    332.33     40.00   1.000   1.000     802.580      41.350    0.303     0.306    0.948      ✗
    331.93     40.00   1.000   1.000     801.497      41.350    0.303     0.307    0.949      ✗
    331.53     40.00   1.000   1.000     800.413      41.350    0.303     0.307    0.950      ✗
    331.13     40.00   1.000   1.000     799.330      41.350    0.304     0.308    0.952      ✗
    330.73     40.00   1.000   1.000     798.247      41.350    0.304     0.308    0.953      ✗
    330.33     40.00   1.000   1.000     797.164      41.350    0.305     0.308    0.954      ✗
    329.93     40.00   1.000   1.000     796.081      41.350    0.305     0.309    0.955      ✗
    329.53     40.00   1.000   1.000     794.998      41.350    0.305     0.309    0.957      ✗
    329.13     40.00   1.000   1.000     793.914      41.350    0.306     0.310    0.958      ✗
    328.73     40.00   1.000   1.000     792.831      41.350    0.306     0.310    0.959      ✗
    328.33     40.00   1.000   1.000     791.748      41.350    0.307     0.311    0.960      ✗
    327.93     40.00   1.000   1.000     790.665      41.350    0.307     0.311    0.962      ✗
    327.53     40.00   1.000   1.000     789.582      41.350    0.307     0.311    0.963      ✗
    327.13     40.00   1.000   1.000     788.499      41.350    0.308     0.312    0.964      ✗
    326.73     40.00   1.000   1.000     787.415      41.350    0.308     0.312    0.965      ✗
    326.33     40.00   1.000   1.000     786.332      41.350    0.309     0.313    0.967      ✗
    325.93     40.00   1.000   1.000     785.249      41.350    0.309     0.313    0.968      ✗
    325.53     40.00   1.000   1.000     784.166      41.350    0.310     0.314    0.969      ✗
    325.13     40.00   1.000   1.000     783.083      41.350    0.310     0.314    0.970      ✗
    324.72     40.00   1.000   1.000     782.000      41.350    0.310     0.314    0.972      ✗
    324.32     40.00   1.000   1.000     780.916      41.350    0.311     0.315    0.973      ✗
    323.92     40.00   1.000   1.000     779.833      41.350    0.311     0.315    0.974      ✗
    323.52     40.00   1.000   1.000     778.750      41.350    0.312     0.316    0.975      ✗
    323.12     40.00   1.000   1.000     777.667      41.350    0.312     0.316    0.977      ✗
    322.72     40.00   1.000   1.000     776.584      41.350    0.313     0.317    0.978      ✗
    322.32     40.00   1.000   1.000     775.501      41.350    0.313     0.317    0.979      ✗
    321.92     40.00   1.000   1.000     774.417      41.350    0.313     0.317    0.981      ✗
    321.52     40.00   1.000   1.000     773.334      41.350    0.314     0.318    0.982      ✗
    321.12     40.00   1.000   1.000     772.251      41.350    0.314     0.318    0.983      ✗
    320.72     40.00   1.000   1.000     771.168      41.350    0.315     0.319    0.985      ✗
    320.32     40.00   1.000   1.000     770.085      41.350    0.315     0.319    0.986      ✗
    319.92     40.00   1.000   1.000     769.002      41.350    0.316     0.320    0.987      ✗
    319.52     40.00   1.000   1.000     767.918      41.350    0.316     0.320    0.989      ✗
    319.12     40.00   1.000   1.000     766.835      41.350    0.316     0.321    0.990      ✗
    318.72     40.00   1.000   1.000     765.752      41.350    0.317     0.321    0.991      ✗
    318.32     40.00   1.000   1.000     764.669      41.350    0.317     0.322    0.993      ✗
    317.92     40.00   1.000   1.000     763.586      41.350    0.318     0.322    0.994      ✗
    317.52     40.00   1.000   1.000     762.503      41.350    0.318     0.322    0.995      ✗
    317.12     40.00   1.000   1.000     761.419      41.350    0.319     0.323    0.997      ✗
    316.72     40.00   1.000   1.000     760.336      41.350    0.319     0.323    0.998      ✗
    316.32     40.00   1.000   1.000     759.253      41.350    0.320     0.324    0.999      ✗
    315.92     40.00   1.000   1.000     758.170      41.350    0.320     0.324    1.001      ✗
    315.52     40.00   1.000   1.000     757.087      41.350    0.321     0.325    1.002      ✗
    315.12     40.00   1.000   1.000     756.004      41.350    0.321     0.325    1.003      ✗
    314.71     40.00   1.000   1.000     754.920      41.350    0.321     0.326    1.005      ✗
    314.31     40.00   1.000   1.000     753.837      41.350    0.322     0.326    1.006      ✗
    313.91     40.00   1.000   1.000     752.754      41.350    0.322     0.327    1.007      ✗
    313.51     40.00   1.000   1.000     751.671      41.350    0.323     0.327    1.009      ✗
    313.11     40.00   1.000   1.000     750.588      41.350    0.323     0.328    1.010      ✗
    312.71     40.00   1.000   1.000     749.505      41.350    0.324     0.328    1.012      ✗
    312.31     40.00   1.000   1.000     748.421      41.350    0.324     0.329    1.013      ✗
    311.91     40.00   1.000   1.000     747.338      41.350    0.325     0.329    1.014      ✗
    311.51     40.00   1.000   1.000     746.255      41.350    0.325     0.329    1.016      ✗
    311.11     40.00   1.000   1.000     745.172      41.350    0.326     0.330    1.017      ✗
    310.71     40.00   1.000   1.000     744.089      41.350    0.326     0.330    1.019      ✗
    310.31     40.00   1.000   1.000     743.006      41.350    0.326     0.331    1.020      ✗
    309.91     40.00   1.000   1.000     741.923      41.350    0.327     0.331    1.021      ✗
    309.51     40.00   1.000   1.000     740.839      41.350    0.327     0.332    1.023      ✗
    309.11     40.00   1.000   1.000     739.756      41.350    0.328     0.332    1.024      ✗
    308.71     40.00   1.000   1.000     738.673      41.350    0.328     0.333    1.026      ✗
    308.31     40.00   1.000   1.000     737.590      41.350    0.329     0.333    1.027      ✗
    307.91     40.00   1.000   1.000     736.507      41.350    0.329     0.334    1.028      ✗
    307.51     40.00   1.000   1.000     735.424      41.350    0.330     0.334    1.030      ✗
    307.11     40.00   1.000   1.000     734.340      41.350    0.330     0.335    1.031      ✗
    306.71     40.00   1.000   1.000     733.257      41.350    0.331     0.335    1.033      ✗
    306.31     40.00   1.000   1.000     732.174      41.350    0.331     0.336    1.034      ✗
    305.91     40.00   1.000   1.000     731.091      41.350    0.332     0.336    1.036      ✗
    305.51     40.00   1.000   1.000     730.008      41.350    0.332     0.337    1.037      ✗
    305.11     40.00   1.000   1.000     728.925      41.350    0.333     0.337    1.039      ✗
    304.70     40.00   1.000   1.000     727.841      41.350    0.333     0.338    1.040      ✗
    304.30     40.00   1.000   1.000     726.758      41.350    0.334     0.338    1.042      ✗
    303.90     40.00   1.000   1.000     725.675      41.350    0.334     0.339    1.043      ✗
    303.50     40.00   1.000   1.000     724.592      41.350    0.335     0.339    1.044      ✗
    303.10     40.00   1.000   1.000     723.509      41.350    0.335     0.340    1.046      ✗
    302.70     40.00   1.000   1.000     722.426      41.350    0.336     0.340    1.047      ✗
    302.30     40.00   1.000   1.000     721.342      41.350    0.336     0.341    1.049      ✗
    301.90     40.00   1.000   1.000     720.259      41.350    0.337     0.341    1.050      ✗
    301.50     40.00   1.000   1.000     719.176      41.350    0.337     0.342    1.052      ✗
    301.10     40.00   1.000   1.000     718.093      41.350    0.338     0.342    1.053      ✗
    300.70     40.00   1.000   1.000     717.010      41.350    0.338     0.343    1.055      ✗
    300.30     40.00   1.000   1.000     715.927      41.350    0.339     0.343    1.056      ✗
    299.90     50.00   1.000   1.000     366.000      21.171    0.647     0.656    2.066      ✗
    299.50     50.00   1.000   1.000     365.445      21.171    0.648     0.657    2.069      ✗
    299.10     50.00   1.000   1.000     364.891      21.171    0.649     0.658    2.072      ✗
    298.70     50.00   1.000   1.000     364.336      21.171    0.650     0.659    2.075      ✗
    298.30     50.00   1.000   1.000     363.782      21.171    0.651     0.660    2.078      ✗
    297.90     50.00   1.000   1.000     363.227      21.171    0.652     0.661    2.081      ✗
    297.50     50.00   1.000   1.000     362.672      21.171    0.653     0.662    2.084      ✗
    297.10     50.00   1.000   1.000     362.118      21.171    0.654     0.663    2.087      ✗
    296.70     50.00   1.000   1.000     361.563      21.171    0.655     0.664    2.090      ✗
    296.30     50.00   1.000   1.000     361.009      21.171    0.656     0.665    2.093      ✗
    295.90     50.00   1.000   1.000     360.454      21.171    0.657     0.666    2.096      ✗
    295.50     50.00   1.000   1.000     359.899      21.171    0.658     0.667    2.099      ✗
    295.10     50.00   1.000   1.000     359.345      21.171    0.659     0.668    2.102      ✗
    294.69     50.00   1.000   1.000     358.790      21.171    0.660     0.669    2.105      ✗
    294.29     50.00   1.000   1.000     358.236      21.171    0.661     0.670    2.109      ✗
    293.89     50.00   1.000   1.000     357.681      21.171    0.662     0.671    2.112      ✗
    293.49     50.00   1.000   1.000     357.127      21.171    0.663     0.672    2.115      ✗
    293.09     50.00   1.000   1.000     356.572      21.171    0.664     0.673    2.118      ✗
    292.69     50.00   1.000   1.000     356.017      21.171    0.665     0.674    2.121      ✗
    292.29     50.00   1.000   1.000     355.463      21.171    0.666     0.675    2.124      ✗
    291.89     50.00   1.000   1.000     354.908      21.171    0.667     0.676    2.127      ✗
    291.49     50.00   1.000   1.000     354.354      21.171    0.668     0.677    2.130      ✗
    291.09     50.00   1.000   1.000     353.799      21.171    0.669     0.679    2.134      ✗
    290.69     50.00   1.000   1.000     353.244      21.171    0.670     0.680    2.137      ✗
    290.29     50.00   1.000   1.000     352.690      21.171    0.671     0.681    2.140      ✗
    289.89     50.00   1.000   1.000     352.135      21.171    0.672     0.682    2.143      ✗
    289.49     50.00   1.000   1.000     351.581      21.171    0.673     0.683    2.146      ✗
    289.09     50.00   1.000   1.000     351.026      21.171    0.674     0.684    2.149      ✗
    288.69     50.00   1.000   1.000     350.472      21.171    0.675     0.685    2.153      ✗
    288.29     50.00   1.000   1.000     349.917      21.171    0.676     0.686    2.156      ✗
    287.89     50.00   1.000   1.000     349.362      21.171    0.677     0.687    2.159      ✗
    287.49     50.00   1.000   1.000     348.808      21.171    0.678     0.688    2.162      ✗
    287.09     50.00   1.000   1.000     348.253      21.171    0.680     0.689    2.166      ✗
    286.69     50.00   1.000   1.000     347.699      21.171    0.681     0.690    2.169      ✗
    286.29     50.00   1.000   1.000     347.144      21.171    0.682     0.692    2.172      ✗
    285.89     50.00   1.000   1.000     346.590      21.171    0.683     0.693    2.175      ✗
    285.49     50.00   1.000   1.000     346.035      21.171    0.684     0.694    2.179      ✗
    285.09     50.00   1.000   1.000     345.480      21.171    0.685     0.695    2.182      ✗
    284.68     50.00   1.000   1.000     344.926      21.171    0.686     0.696    2.185      ✗
    284.28     50.00   1.000   1.000     344.371      21.171    0.687     0.697    2.189      ✗
    283.88     50.00   1.000   1.000     343.817      21.171    0.688     0.698    2.192      ✗
    283.48     50.00   1.000   1.000     343.262      21.171    0.689     0.699    2.195      ✗
    283.08     50.00   1.000   1.000     342.707      21.171    0.690     0.700    2.199      ✗
    282.68     50.00   1.000   1.000     342.153      21.171    0.691     0.702    2.202      ✗
    282.28     50.00   1.000   1.000     341.598      21.171    0.693     0.703    2.205      ✗
    281.88     50.00   1.000   1.000     341.044      21.171    0.694     0.704    2.209      ✗
    281.48     50.00   1.000   1.000     340.489      21.171    0.695     0.705    2.212      ✗
    281.08     50.00   1.000   1.000     339.935      21.171    0.696     0.706    2.215      ✗
    280.68     50.00   1.000   1.000     339.380      21.171    0.697     0.707    2.219      ✗
    280.28     50.00   1.000   1.000     338.825      21.171    0.698     0.709    2.222      ✗
    279.88     50.00   1.000   1.000     338.271      21.171    0.699     0.710    2.226      ✗
    279.48     50.00   1.000   1.000     337.716      21.171    0.700     0.711    2.229      ✗
    279.08     50.00   1.000   1.000     337.162      21.171    0.702     0.712    2.233      ✗
    278.68     50.00   1.000   1.000     336.607      21.171    0.703     0.713    2.236      ✗
    278.28     50.00   1.000   1.000     336.053      21.171    0.704     0.714    2.239      ✗
    277.88     50.00   1.000   1.000     335.498      21.171    0.705     0.716    2.243      ✗
    277.48     50.00   1.000   1.000     334.943      21.171    0.706     0.717    2.246      ✗
    277.08     50.00   1.000   1.000     334.389      21.171    0.707     0.718    2.250      ✗
    276.68     50.00   1.000   1.000     333.834      21.171    0.708     0.719    2.253      ✗
    276.28     50.00   1.000   1.000     333.280      21.171    0.710     0.720    2.257      ✗
    275.88     50.00   1.000   1.000     332.725      21.171    0.711     0.722    2.261      ✗
    275.48     50.00   1.000   1.000     332.170      21.171    0.712     0.723    2.264      ✗
    275.08     50.00   1.000   1.000     331.616      21.171    0.713     0.724    2.268      ✗
    274.67     50.00   1.000   1.000     331.061      21.171    0.714     0.725    2.271      ✗
    274.27     50.00   1.000   1.000     330.507      21.171    0.715     0.726    2.275      ✗
    273.87     50.00   1.000   1.000     329.952      21.171    0.717     0.728    2.278      ✗
    273.47     50.00   1.000   1.000     329.398      21.171    0.718     0.729    2.282      ✗
    273.07     50.00   1.000   1.000     328.843      21.171    0.719     0.730    2.286      ✗
    272.67     50.00   1.000   1.000     328.288      21.171    0.720     0.731    2.289      ✗
    272.27     50.00   1.000   1.000     327.734      21.171    0.721     0.732    2.293      ✗
    271.87     50.00   1.000   1.000     327.179      21.171    0.723     0.734    2.297      ✗
    271.47     50.00   1.000   1.000     326.625      21.171    0.724     0.735    2.300      ✗
    271.07     50.00   1.000   1.000     326.070      21.171    0.725     0.736    2.304      ✗
    270.67     50.00   1.000   1.000     325.515      21.171    0.726     0.737    2.308      ✗
    270.27     50.00   1.000   1.000     324.961      21.171    0.727     0.739    2.311      ✗
    269.87     50.00   1.000   1.000     324.406      21.171    0.729     0.740    2.315      ✗
    269.47     50.00   1.000   1.000     323.852      21.171    0.730     0.741    2.319      ✗
    269.07     50.00   1.000   1.000     323.297      21.171    0.731     0.743    2.322      ✗
    268.67     50.00   1.000   1.000     322.743      21.171    0.732     0.744    2.326      ✗
    268.27     50.00   1.000   1.000     322.188      21.171    0.734     0.745    2.330      ✗
    267.87     50.00   1.000   1.000     321.633      21.171    0.735     0.746    2.334      ✗
    267.47     50.00   1.000   1.000     321.079      21.171    0.736     0.748    2.337      ✗
    267.07     50.00   1.000   1.000     320.524      21.171    0.737     0.749    2.341      ✗
    266.67     50.00   1.000   1.000     319.970      21.171    0.739     0.750    2.345      ✗
    266.27     50.00   1.000   1.000     319.415      21.171    0.740     0.752    2.349      ✗
    265.87     50.00   1.000   1.000     318.861      21.171    0.741     0.753    2.353      ✗
    265.47     50.00   1.000   1.000     318.306      21.171    0.742     0.754    2.357      ✗
    265.07     50.00   1.000   1.000     317.751      21.171    0.744     0.755    2.360      ✗
    264.66     50.00   1.000   1.000     317.197      21.171    0.745     0.757    2.364      ✗
    264.26     50.00   1.000   1.000     316.642      21.171    0.746     0.758    2.368      ✗
    263.86     50.00   1.000   1.000     316.088      21.171    0.748     0.759    2.372      ✗
    263.46     50.00   1.000   1.000     315.533      21.171    0.749     0.761    2.376      ✗
    263.06     50.00   1.000   1.000     314.978      21.171    0.750     0.762    2.380      ✗
    262.66     50.00   1.000   1.000     314.424      21.171    0.751     0.763    2.384      ✗
    262.26     50.00   1.000   1.000     313.869      21.171    0.753     0.765    2.388      ✗
    261.86     50.00   1.000   1.000     313.315      21.171    0.754     0.766    2.392      ✗
    261.46     50.00   1.000   1.000     312.760      21.171    0.755     0.768    2.396      ✗
    261.06     50.00   1.000   1.000     312.206      21.171    0.757     0.769    2.400      ✗
    260.66     50.00   1.000   1.000     311.651      21.171    0.758     0.770    2.404      ✗
    260.26     50.00   1.000   1.000     311.096      21.171    0.759     0.772    2.408      ✗
    259.86     50.00   1.000   1.000     310.542      21.171    0.761     0.773    2.412      ✗
    259.46     50.00   1.000   1.000     309.987      21.171    0.762     0.774    2.416      ✗
    259.06     50.00   1.000   1.000     309.433      21.171    0.763     0.776    2.420      ✗
    258.66     50.00   1.000   1.000     308.878      21.171    0.765     0.777    2.424      ✗
    258.26     50.00   1.000   1.000     308.324      21.171    0.766     0.779    2.428      ✗
    257.86     50.00   1.000   1.000     307.769      21.171    0.767     0.780    2.432      ✗
    257.46     50.00   1.000   1.000     307.214      21.171    0.769     0.781    2.436      ✗
    257.06     50.00   1.000   1.000     306.660      21.171    0.770     0.783    2.440      ✗
    256.66     50.00   1.000   1.000     306.105      21.171    0.772     0.784    2.444      ✗
    256.26     50.00   1.000   1.000     305.551      21.171    0.773     0.786    2.449      ✗
    255.86     50.00   1.000   1.000     304.996      21.171    0.774     0.787    2.453      ✗
    255.46     50.00   1.000   1.000     304.441      21.171    0.776     0.789    2.457      ✗
    255.06     50.00   1.000   1.000     303.887      21.171    0.777     0.790    2.461      ✗
    254.65     50.00   1.000   1.000     303.332      21.171    0.779     0.791    2.465      ✗
    254.25     50.00   1.000   1.000     302.778      21.171    0.780     0.793    2.470      ✗
    253.85     50.00   1.000   1.000     302.223      21.171    0.781     0.794    2.474      ✗
    253.45     50.00   1.000   1.000     301.669      21.171    0.783     0.796    2.478      ✗
    253.05     50.00   1.000   1.000     301.114      21.171    0.784     0.797    2.482      ✗
    252.65     50.00   1.000   1.000     300.559      21.171    0.786     0.799    2.487      ✗
    252.25     50.00   1.000   1.000     300.005      21.171    0.787     0.800    2.491      ✗
    251.85     50.00   1.000   1.000     299.450      21.171    0.788     0.802    2.495      ✗
    251.45     50.00   1.000   1.000     298.896      21.171    0.790     0.803    2.499      ✗
    251.05     50.00   1.000   1.000     298.341      21.171    0.791     0.805    2.504      ✗
    250.65     50.00   1.000   1.000     297.786      21.171    0.793     0.806    2.508      ✗
    250.25     50.00   1.000   1.000     297.232      21.171    0.794     0.808    2.513      ✗
    249.85     50.00   1.000   1.000     296.677      21.171    0.796     0.809    2.517      ✗
    249.45     50.00   1.000   1.000     296.123      21.171    0.797     0.811    2.521      ✗
    249.05     50.00   1.000   1.000     295.568      21.171    0.799     0.812    2.526      ✗
    248.65     50.00   1.000   1.000     295.014      21.171    0.800     0.814    2.530      ✗
    248.25     50.00   1.000   1.000     294.459      21.171    0.802     0.815    2.535      ✗
    247.85     50.00   1.000   1.000     293.904      21.171    0.803     0.817    2.539      ✗
    247.45     50.00   1.000   1.000     293.350      21.171    0.805     0.818    2.544      ✗
    247.05     50.00   1.000   1.000     292.795      21.171    0.806     0.820    2.548      ✗
    246.65     50.00   1.000   1.000     292.241      21.171    0.808     0.821    2.553      ✗
    246.25     50.00   1.000   1.000     291.686      21.171    0.809     0.823    2.557      ✗
    245.85     50.00   1.000   1.000     291.132      21.171    0.811     0.825    2.562      ✗
    245.45     50.00   1.000   1.000     290.577      21.171    0.812     0.826    2.566      ✗
    245.05     50.00   1.000   1.000     290.022      21.171    0.814     0.828    2.571      ✗
    244.64     50.00   1.000   1.000     289.468      21.171    0.815     0.829    2.575      ✗
    244.24     50.00   1.000   1.000     288.913      21.171    0.817     0.831    2.580      ✗
    243.84     50.00   1.000   1.000     288.359      21.171    0.818     0.832    2.585      ✗
    243.44     50.00   1.000   1.000     287.804      21.171    0.820     0.834    2.589      ✗
    243.04     50.00   1.000   1.000     287.249      21.171    0.821     0.836    2.594      ✗
    242.64     50.00   1.000   1.000     286.695      21.171    0.823     0.837    2.599      ✗
    242.24     50.00   1.000   1.000     286.140      21.171    0.824     0.839    2.603      ✗
    241.84     50.00   1.000   1.000     285.586      21.171    0.826     0.841    2.608      ✗
    241.44     50.00   1.000   1.000     285.031      21.171    0.828     0.842    2.613      ✗
    241.04     50.00   1.000   1.000     284.477      21.171    0.829     0.844    2.617      ✗
    240.64     50.00   1.000   1.000     283.922      21.171    0.831     0.845    2.622      ✗
    240.24     50.00   1.000   1.000     283.367      21.171    0.832     0.847    2.627      ✗
    239.84     50.00   1.000   1.000     282.813      21.171    0.834     0.849    2.632      ✗
    239.44     50.00   1.000   1.000     282.258      21.171    0.836     0.850    2.637      ✗
    239.04     50.00   1.000   1.000     281.704      21.171    0.837     0.852    2.641      ✗
    238.64     50.00   1.000   1.000     281.149      21.171    0.839     0.854    2.646      ✗
    238.24     50.00   1.000   1.000     280.595      21.171    0.840     0.855    2.651      ✗
    237.84     50.00   1.000   1.000     280.040      21.171    0.842     0.857    2.656      ✗
    237.44     50.00   1.000   1.000     279.485      21.171    0.844     0.859    2.661      ✗
    237.04     50.00   1.000   1.000     278.931      21.171    0.845     0.861    2.666      ✗
    236.64     50.00   1.000   1.000     278.376      21.171    0.847     0.862    2.671      ✗
    236.24     50.00   1.000   1.000     277.822      21.171    0.849     0.864    2.676      ✗
    235.84     50.00   1.000   1.000     277.267      21.171    0.850     0.866    2.681      ✗
    235.44     50.00   1.000   1.000     276.712      21.171    0.852     0.867    2.686      ✗
    235.04     50.00   1.000   1.000     276.158      21.171    0.854     0.869    2.691      ✗
    234.63     50.00   1.000   1.000     275.603      21.171    0.855     0.871    2.696      ✗
    234.23     50.00   1.000   1.000     275.049      21.171    0.857     0.873    2.701      ✗
    233.83     50.00   1.000   1.000     274.494      21.171    0.859     0.874    2.706      ✗
    233.43     50.00   1.000   1.000     273.940      21.171    0.861     0.876    2.711      ✗
    233.03     50.00   1.000   1.000     273.385      21.171    0.862     0.878    2.716      ✗
    232.63     50.00   1.000   1.000     272.830      21.171    0.864     0.880    2.721      ✗
    232.23     50.00   1.000   1.000     272.276      21.171    0.866     0.882    2.726      ✗
    231.83     50.00   1.000   1.000     271.721      21.171    0.867     0.883    2.731      ✗
    231.43     50.00   1.000   1.000     271.167      21.171    0.869     0.885    2.737      ✗
    231.03     50.00   1.000   1.000     270.612      21.171    0.871     0.887    2.742      ✗
    230.63     50.00   1.000   1.000     270.058      21.171    0.873     0.889    2.747      ✗
    230.23     50.00   1.000   1.000     269.503      21.171    0.874     0.891    2.752      ✗
    229.83     50.00   1.000   1.000     268.948      21.171    0.876     0.893    2.757      ✗
    229.43     50.00   1.000   1.000     268.394      21.171    0.878     0.894    2.763      ✗
    229.03     50.00   1.000   1.000     267.839      21.171    0.880     0.896    2.768      ✗
    228.63     50.00   1.000   1.000     267.285      21.171    0.882     0.898    2.773      ✗
    228.23     50.00   1.000   1.000     266.730      21.171    0.883     0.900    2.779      ✗
    227.83     50.00   1.000   1.000     266.175      21.171    0.885     0.902    2.784      ✗
    227.43     50.00   1.000   1.000     265.621      21.171    0.887     0.904    2.789      ✗
    227.03     50.00   1.000   1.000     265.066      21.171    0.889     0.906    2.795      ✗
    226.63     50.00   1.000   1.000     264.512      21.171    0.891     0.907    2.800      ✗
    226.23     50.00   1.000   1.000     263.957      21.171    0.892     0.909    2.806      ✗
    225.83     50.00   1.000   1.000     263.403      21.171    0.894     0.911    2.811      ✗
    225.43     50.00   1.000   1.000     262.848      21.171    0.896     0.913    2.817      ✗
    225.03     50.00   1.000   1.000     262.293      21.171    0.898     0.915    2.822      ✗
    224.62     50.00   1.000   1.000     261.739      21.171    0.900     0.917    2.828      ✗
    224.22     50.00   1.000   1.000     261.184      21.171    0.902     0.919    2.833      ✗
    223.82     50.00   1.000   1.000     260.630      21.171    0.904     0.921    2.839      ✗
    223.42     50.00   1.000   1.000     260.075      21.171    0.906     0.923    2.844      ✗
    223.02     50.00   1.000   1.000     259.520      21.171    0.907     0.925    2.850      ✗
    222.62     50.00   1.000   1.000     258.966      21.171    0.909     0.927    2.856      ✗
    222.22     50.00   1.000   1.000     258.411      21.171    0.911     0.929    2.861      ✗
    221.82     50.00   1.000   1.000     257.857      21.171    0.913     0.931    2.867      ✗
    221.42     50.00   1.000   1.000     257.302      21.171    0.915     0.933    2.873      ✗
    221.02     50.00   1.000   1.000     256.748      21.171    0.917     0.935    2.879      ✗
    220.62     50.00   1.000   1.000     256.193      21.171    0.919     0.937    2.884      ✗
    220.22     50.00   1.000   1.000     255.638      21.171    0.921     0.939    2.890      ✗
    219.82     50.00   1.000   1.000     255.084      21.171    0.923     0.941    2.896      ✗
    219.42     50.00   1.000   1.000     254.529      21.171    0.925     0.943    2.902      ✗
    219.02     50.00   1.000   1.000     253.975      21.171    0.927     0.945    2.908      ✗
    218.62     50.00   1.000   1.000     253.420      21.171    0.929     0.947    2.913      ✗
    218.22     50.00   1.000   1.000     252.866      21.171    0.931     0.949    2.919      ✗
    217.82     50.00   1.000   1.000     252.311      21.171    0.933     0.951    2.925      ✗
    217.42     50.00   1.000   1.000     251.756      21.171    0.935     0.953    2.931      ✗
    217.02     50.00   1.000   1.000     251.202      21.171    0.937     0.956    2.937      ✗
    216.62     50.00   1.000   1.000     250.647      21.171    0.939     0.958    2.943      ✗
    216.22     50.00   1.000   1.000     250.093      21.171    0.941     0.960    2.949      ✗
    215.82     50.00   1.000   1.000     249.538      21.171    0.943     0.962    2.955      ✗
    215.42     50.00   1.000   1.000     248.983      21.171    0.945     0.964    2.961      ✗
    215.02     50.00   1.000   1.000     248.429      21.171    0.947     0.966    2.967      ✗
    214.61     50.00   1.000   1.000     247.874      21.171    0.949     0.968    2.973      ✗
    214.21     50.00   1.000   1.000     247.320      21.171    0.951     0.971    2.980      ✗
    213.81     50.00   1.000   1.000     246.765      21.171    0.953     0.973    2.986      ✗
    213.41     50.00   1.000   1.000     246.211      21.171    0.955     0.975    2.992      ✗
    213.01     50.00   1.000   1.000     245.656      21.171    0.958     0.977    2.998      ✗
    212.61     50.00   1.000   1.000     245.101      21.171    0.960     0.979    3.004      ✗
    212.21     50.00   1.000   1.000     244.547      21.171    0.962     0.982    3.011      ✗
    211.81     50.00   1.000   1.000     243.992      21.171    0.964     0.984    3.017      ✗
    211.41     50.00   1.000   1.000     243.438      21.171    0.966     0.986    3.023      ✗
    211.01     50.00   1.000   1.000     242.883      21.171    0.968     0.988    3.030      ✗
    210.61     50.00   1.000   1.000     242.329      21.171    0.970     0.990    3.036      ✗
    210.21     50.00   1.000   1.000     241.774      21.171    0.973     0.993    3.042      ✗
    209.81     50.00   1.000   1.000     241.219      21.171    0.975     0.995    3.049      ✗
    209.41     50.00   1.000   1.000     240.665      21.171    0.977     0.997    3.055      ✗
    209.01     50.00   1.000   1.000     240.110      21.171    0.979     1.000    3.062      ✗
    208.61     50.00   1.000   1.000     239.556      21.171    0.981     1.002    3.068      ✗
    208.21     50.00   1.000   1.000     239.001      21.171    0.984     1.004    3.075      ✗
    207.81     50.00   1.000   1.000     238.446      21.171    0.986     1.007    3.081      ✗
    207.41     50.00   1.000   1.000     237.892      21.171    0.988     1.009    3.088      ✗
    207.01     50.00   1.000   1.000     237.337      21.171    0.990     1.011    3.095      ✗
    206.61     50.00   1.000   1.000     236.783      21.171    0.993     1.014    3.101      ✗
    206.21     50.00   1.000   1.000     236.228      21.171    0.995     1.016    3.108      ✗
    205.81     50.00   1.000   1.000     235.674      21.171    0.997     1.018    3.115      ✗
    205.41     50.00   1.000   1.000     235.119      21.171    1.000     1.021    3.121      ✗
    205.01     50.00   1.000   1.000     234.564      21.171    1.002     1.023    3.128      ✓
    204.60     50.00   1.000   1.000     234.010      21.171    1.004     1.026    3.135      ✓
    204.20     50.00   1.000   1.000     233.455      21.171    1.007     1.028    3.142      ✓
    203.80     50.00   1.000   1.000     232.901      21.171    1.009     1.031    3.149      ✓
    203.40     50.00   1.000   1.000     232.346      21.171    1.011     1.033    3.156      ✓
    203.00     50.00   1.000   1.000     231.791      21.171    1.014     1.035    3.163      ✓
    202.60     50.00   1.000   1.000     231.237      21.171    1.016     1.038    3.169      ✓
    202.20     50.00   1.000   1.000     230.682      21.171    1.018     1.040    3.176      ✓
    201.80     50.00   1.000   1.000     230.128      21.171    1.021     1.043    3.183      ✓
    201.40     50.00   1.000   1.000     229.573      21.171    1.023     1.045    3.191      ✓
    201.00     50.00   1.000   1.000     229.019      21.171    1.026     1.048    3.198      ✓
    200.60     50.00   1.000   1.000     228.464      21.171    1.028     1.051    3.205      ✓
    200.20     50.00   1.000   1.000     227.909      21.171    1.031     1.053    3.212      ✓
    199.80     50.00   1.000   1.000     227.355      21.171    1.033     1.056    3.219      ✓
    199.40     50.00   1.000   1.000     226.800      21.171    1.035     1.058    3.226      ✓
    199.00     50.00   1.000   1.000     226.246      21.171    1.038     1.061    3.233      ✓
    198.60     50.00   1.000   1.000     225.691      21.171    1.040     1.063    3.241      ✓
    198.20     50.00   1.000   1.000     225.137      21.171    1.043     1.066    3.248      ✓
    197.80     50.00   1.000   1.000     224.582      21.171    1.045     1.069    3.255      ✓
    197.40     50.00   1.000   1.000     224.027      21.171    1.048     1.071    3.263      ✓
    197.00     50.00   1.000   1.000     223.473      21.171    1.051     1.074    3.270      ✓
    196.60     50.00   1.000   1.000     222.918      21.171    1.053     1.077    3.277      ✓
    196.20     50.00   1.000   1.000     222.364      21.171    1.056     1.079    3.285      ✓
    195.80     50.00   1.000   1.000     221.809      21.171    1.058     1.082    3.292      ✓
    195.40     50.00   1.000   1.000     221.254      21.171    1.061     1.085    3.300      ✓
    194.99     50.00   1.000   1.000     220.700      21.171    1.063     1.087    3.308      ✓
    194.59     50.00   1.000   1.000     220.145      21.171    1.066     1.090    3.315      ✓
    194.19     50.00   1.000   1.000     219.591      21.171    1.069     1.093    3.323      ✓
    193.79     50.00   1.000   1.000     219.036      21.171    1.071     1.096    3.330      ✓
    193.39     50.00   1.000   1.000     218.482      21.171    1.074     1.099    3.338      ✓
    192.99     50.00   1.000   1.000     217.927      21.171    1.077     1.101    3.346      ✓
    192.59     50.00   1.000   1.000     217.372      21.171    1.079     1.104    3.354      ✓
    192.19     50.00   1.000   1.000     216.818      21.171    1.082     1.107    3.362      ✓
    191.79     50.00   1.000   1.000     216.263      21.171    1.085     1.110    3.369      ✓
    191.39     50.00   1.000   1.000     215.709      21.171    1.087     1.113    3.377      ✓
    190.99     50.00   1.000   1.000     215.154      21.171    1.090     1.115    3.385      ✓
    190.59     50.00   1.000   1.000     214.600      21.171    1.093     1.118    3.393      ✓
    190.19     50.00   1.000   1.000     214.045      21.171    1.096     1.121    3.401      ✓
    189.79     50.00   1.000   1.000     213.490      21.171    1.099     1.124    3.409      ✓
    189.39     50.00   1.000   1.000     212.936      21.171    1.101     1.127    3.417      ✓
    188.99     50.00   1.000   1.000     212.381      21.171    1.104     1.130    3.425      ✓
    188.59     50.00   1.000   1.000     211.827      21.171    1.107     1.133    3.434      ✓
    188.19     50.00   1.000   1.000     211.272      21.171    1.110     1.136    3.442      ✓
    187.79     50.00   1.000   1.000     210.717      21.171    1.113     1.139    3.450      ✓
    187.39     50.00   1.000   1.000     210.163      21.171    1.115     1.142    3.458      ✓
    186.99     50.00   1.000   1.000     209.608      21.171    1.118     1.145    3.467      ✓
    186.59     50.00   1.000   1.000     209.054      21.171    1.121     1.148    3.475      ✓
    186.19     50.00   1.000   1.000     208.499      21.171    1.124     1.151    3.483      ✓
    185.79     50.00   1.000   1.000     207.945      21.171    1.127     1.154    3.492      ✓
    185.39     50.00   1.000   1.000     207.390      21.171    1.130     1.157    3.500      ✓
    184.98     50.00   1.000   1.000     206.835      21.171    1.133     1.160    3.509      ✓
    184.58     50.00   1.000   1.000     206.281      21.171    1.136     1.163    3.517      ✓
    184.18     50.00   1.000   1.000     205.726      21.171    1.139     1.167    3.526      ✓
    183.78     50.00   1.000   1.000     205.172      21.171    1.142     1.170    3.534      ✓
    183.38     50.00   1.000   1.000     204.617      21.171    1.145     1.173    3.543      ✓
    182.98     50.00   1.000   1.000     204.062      21.171    1.148     1.176    3.552      ✓
    182.58     50.00   1.000   1.000     203.508      21.171    1.151     1.179    3.561      ✓
    182.18     50.00   1.000   1.000     202.953      21.171    1.154     1.182    3.569      ✓
    181.78     50.00   1.000   1.000     202.399      21.171    1.157     1.186    3.578      ✓
    181.38     50.00   1.000   1.000     201.844      21.171    1.160     1.189    3.587      ✓
    180.98     50.00   1.000   1.000     201.290      21.171    1.163     1.192    3.596      ✓
    180.58     50.00   1.000   1.000     200.735      21.171    1.167     1.196    3.605      ✓
    180.18     50.00   1.000   1.000     200.180      21.171    1.170     1.199    3.614      ✓
    179.78     50.00   1.000   1.000     199.626      21.171    1.173     1.202    3.623      ✓
    179.38     50.00   1.000   1.000     199.071      21.171    1.176     1.206    3.632      ✓
    178.98     50.00   1.000   1.000     198.517      21.171    1.179     1.209    3.642      ✓
    178.58     50.00   1.000   1.000     197.962      21.171    1.183     1.212    3.651      ✓
    178.18     50.00   1.000   1.000     197.408      21.171    1.186     1.216    3.660      ✓
    177.78     50.00   1.000   1.000     196.853      21.171    1.189     1.219    3.669      ✓
    177.38     50.00   1.000   1.000     196.298      21.171    1.192     1.223    3.679      ✓
    176.98     50.00   1.000   1.000     195.744      21.171    1.196     1.226    3.688      ✓
    176.58     50.00   1.000   1.000     195.189      21.171    1.199     1.229    3.698      ✓
    176.18     50.00   1.000   1.000     194.635      21.171    1.202     1.233    3.707      ✓
    175.78     50.00   1.000   1.000     194.080      21.171    1.206     1.236    3.717      ✓
    175.38     50.00   1.000   1.000     193.525      21.171    1.209     1.240    3.726      ✓
    174.97     50.00   1.000   1.000     192.971      21.171    1.212     1.244    3.736      ✓
    174.57     50.00   1.000   1.000     192.416      21.171    1.216     1.247    3.746      ✓
    174.17     50.00   1.000   1.000     191.862      21.171    1.219     1.251    3.755      ✓
    173.77     50.00   1.000   1.000     191.307      21.171    1.223     1.254    3.765      ✓
    173.37     50.00   1.000   1.000     190.753      21.171    1.226     1.258    3.775      ✓
    172.97     50.00   1.000   1.000     190.198      21.171    1.230     1.262    3.785      ✓
    172.57     50.00   1.000   1.000     189.643      21.171    1.233     1.265    3.795      ✓
    172.17     50.00   1.000   1.000     189.089      21.171    1.237     1.269    3.805      ✓
    171.77     50.00   1.000   1.000     188.534      21.171    1.240     1.273    3.815      ✓
    171.37     50.00   1.000   1.000     187.980      21.171    1.244     1.277    3.825      ✓
    170.97     50.00   1.000   1.000     187.425      21.171    1.247     1.280    3.835      ✓
    170.57     50.00   1.000   1.000     186.871      21.171    1.251     1.284    3.845      ✓
    170.17     50.00   1.000   1.000     186.316      21.171    1.254     1.288    3.856      ✓
    169.77     50.00   1.000   1.000     185.761      21.171    1.258     1.292    3.866      ✓
    169.37     50.00   1.000   1.000     185.207      21.171    1.262     1.296    3.876      ✓
    168.97     50.00   1.000   1.000     184.652      21.171    1.265     1.300    3.887      ✓
    168.57     50.00   1.000   1.000     184.098      21.171    1.269     1.303    3.897      ✓
    168.17     50.00   1.000   1.000     183.543      21.171    1.273     1.307    3.908      ✓
    167.77     50.00   1.000   1.000     182.988      21.171    1.277     1.311    3.919      ✓
    167.37     50.00   1.000   1.000     182.434      21.171    1.280     1.315    3.929      ✓
    166.97     50.00   1.000   1.000     181.879      21.171    1.284     1.319    3.940      ✓
    166.57     50.00   1.000   1.000     181.325      21.171    1.288     1.323    3.951      ✓
    166.17     50.00   1.000   1.000     180.770      21.171    1.292     1.327    3.962      ✓
    165.77     50.00   1.000   1.000     180.216      21.171    1.296     1.331    3.972      ✓
    165.37     50.00   1.000   1.000     179.661      21.171    1.300     1.336    3.983      ✓
    164.96     50.00   1.000   1.000     179.106      21.171    1.304     1.340    3.994      ✓
    164.56     50.00   1.000   1.000     178.552      21.171    1.308     1.344    4.006      ✓
    164.16     50.00   1.000   1.000     177.997      21.171    1.311     1.348    4.017      ✓
    163.76     50.00   1.000   1.000     177.443      21.171    1.315     1.352    4.028      ✓
    163.36     50.00   1.000   1.000     176.888      21.171    1.319     1.357    4.039      ✓
    162.96     50.00   1.000   1.000     176.334      21.171    1.324     1.361    4.051      ✓
    162.56     50.00   1.000   1.000     175.779      21.171    1.328     1.365    4.062      ✓
    162.16     50.00   1.000   1.000     175.224      21.171    1.332     1.369    4.073      ✓
    161.76     50.00   1.000   1.000     174.670      21.171    1.336     1.374    4.085      ✓
    161.36     50.00   1.000   1.000     174.115      21.171    1.340     1.378    4.097      ✓
     99.70     40.00   1.000   1.000     173.261      41.350    1.341     1.415    3.728      ✓
    160.96     50.00   1.000   1.000     173.561      21.171    1.344     1.382    4.108      ✓
    160.56     50.00   1.000   1.000     173.006      21.171    1.348     1.387    4.120      ✓
     99.30     40.00   1.000   1.000     172.178      41.350    1.349     1.424    3.747      ✓
    160.16     50.00   1.000   1.000     172.451      21.171    1.352     1.391    4.132      ✓
     98.90     40.00   1.000   1.000     171.095      41.350    1.357     1.433    3.766      ✓
    159.76     50.00   1.000   1.000     171.897      21.171    1.357     1.396    4.144      ✓
    159.36     50.00   1.000   1.000     171.342      21.171    1.361     1.400    4.156      ✓
     98.50     40.00   1.000   1.000     170.012      41.350    1.365     1.442    3.785      ✓
    158.96     50.00   1.000   1.000     170.788      21.171    1.365     1.405    4.168      ✓
    158.56     50.00   1.000   1.000     170.233      21.171    1.370     1.409    4.180      ✓
     98.10     40.00   1.000   1.000     168.929      41.350    1.373     1.452    3.804      ✓
    158.16     50.00   1.000   1.000     169.679      21.171    1.374     1.414    4.192      ✓
    157.76     50.00   1.000   1.000     169.124      21.171    1.378     1.419    4.204      ✓
     97.70     40.00   1.000   1.000     167.846      41.350    1.381     1.461    3.824      ✓
    157.36     50.00   1.000   1.000     168.569      21.171    1.383     1.423    4.216      ✓
    156.96     50.00   1.000   1.000     168.015      21.171    1.387     1.428    4.229      ✓
     97.30     40.00   1.000   1.000     166.762      41.350    1.390     1.470    3.844      ✓
    156.56     50.00   1.000   1.000     167.460      21.171    1.392     1.433    4.241      ✓
    156.16     50.00   1.000   1.000     166.906      21.171    1.396     1.438    4.254      ✓
     96.90     40.00   1.000   1.000     165.679      41.350    1.398     1.480    3.864      ✓
    155.76     50.00   1.000   1.000     166.351      21.171    1.401     1.442    4.266      ✓
    155.36     50.00   1.000   1.000     165.796      21.171    1.405     1.447    4.279      ✓
     96.50     40.00   1.000   1.000     164.596      41.350    1.407     1.490    3.885      ✓
    154.95     50.00   1.000   1.000     165.242      21.171    1.410     1.452    4.292      ✓
    154.55     50.00   1.000   1.000     164.687      21.171    1.414     1.457    4.304      ✓
     96.10     40.00   1.000   1.000     163.513      41.350    1.416     1.499    3.905      ✓
    154.15     50.00   1.000   1.000     164.133      21.171    1.419     1.462    4.317      ✓
    153.75     50.00   1.000   1.000     163.578      21.171    1.424     1.467    4.330      ✓
     95.70     40.00   1.000   1.000     162.430      41.350    1.425     1.509    3.926      ✓
    153.35     50.00   1.000   1.000     163.024      21.171    1.428     1.472    4.343      ✓
    152.95     50.00   1.000   1.000     162.469      21.171    1.433     1.477    4.356      ✓
     95.30     40.00   1.000   1.000     161.347      41.350    1.434     1.519    3.947      ✓
    152.55     50.00   1.000   1.000     161.914      21.171    1.438     1.482    4.370      ✓
    152.15     50.00   1.000   1.000     161.360      21.171    1.443     1.487    4.383      ✓
     94.89     40.00   1.000   1.000     160.264      41.350    1.443     1.530    3.968      ✓
    151.75     50.00   1.000   1.000     160.805      21.171    1.447     1.492    4.396      ✓
     94.49     40.00   1.000   1.000     159.180      41.350    1.452     1.540    3.989      ✓
    151.35     50.00   1.000   1.000     160.251      21.171    1.452     1.497    4.410      ✓
    150.95     50.00   1.000   1.000     159.696      21.171    1.457     1.502    4.423      ✓
     94.09     40.00   1.000   1.000     158.097      41.350    1.461     1.550    4.011      ✓
    150.55     50.00   1.000   1.000     159.142      21.171    1.462     1.508    4.437      ✓
    150.15     50.00   1.000   1.000     158.587      21.171    1.467     1.513    4.450      ✓
     93.69     40.00   1.000   1.000     157.014      41.350    1.471     1.561    4.033      ✓
    149.75     50.00   1.000   1.000     158.032      21.171    1.472     1.518    4.464      ✓
    149.35     50.00   1.000   1.000     157.478      21.171    1.477     1.523    4.478      ✓
     93.29     40.00   1.000   1.000     155.931      41.350    1.480     1.572    4.055      ✓
    148.95     50.00   1.000   1.000     156.923      21.171    1.482     1.529    4.492      ✓
    148.55     50.00   1.000   1.000     156.369      21.171    1.487     1.534    4.506      ✓
     92.89     40.00   1.000   1.000     154.848      41.350    1.490     1.583    4.078      ✓
    148.15     50.00   1.000   1.000     155.814      21.171    1.492     1.540    4.520      ✓
    147.75     50.00   1.000   1.000     155.259      21.171    1.497     1.545    4.534      ✓
     92.49     40.00   1.000   1.000     153.765      41.350    1.500     1.594    4.100      ✓
    147.35     50.00   1.000   1.000     154.705      21.171    1.503     1.551    4.549      ✓
    146.95     50.00   1.000   1.000     154.150      21.171    1.508     1.556    4.563      ✓
     92.09     40.00   1.000   1.000     152.681      41.350    1.510     1.605    4.123      ✓
    146.55     50.00   1.000   1.000     153.596      21.171    1.513     1.562    4.578      ✓
    146.15     50.00   1.000   1.000     153.041      21.171    1.518     1.568    4.592      ✓
     91.69     40.00   1.000   1.000     151.598      41.350    1.520     1.616    4.146      ✓
    145.75     50.00   1.000   1.000     152.487      21.171    1.524     1.573    4.607      ✓
    145.35     50.00   1.000   1.000     151.932      21.171    1.529     1.579    4.622      ✓
     91.29     40.00   1.000   1.000     150.515      41.350    1.530     1.628    4.170      ✓
    144.94     50.00   1.000   1.000     151.377      21.171    1.535     1.585    4.636      ✓
    144.54     50.00   1.000   1.000     150.823      21.171    1.540     1.591    4.651      ✓
     90.89     40.00   1.000   1.000     149.432      41.350    1.541     1.640    4.193      ✓
    144.14     50.00   1.000   1.000     150.268      21.171    1.546     1.596    4.666      ✓
    143.74     50.00   1.000   1.000     149.714      21.171    1.551     1.602    4.682      ✓
     90.49     40.00   1.000   1.000     148.349      41.350    1.551     1.652    4.217      ✓
    143.34     50.00   1.000   1.000     149.159      21.171    1.557     1.608    4.697      ✓
     90.09     40.00   1.000   1.000     147.266      41.350    1.562     1.664    4.241      ✓
    142.94     50.00   1.000   1.000     148.605      21.171    1.562     1.614    4.712      ✓
    142.54     50.00   1.000   1.000     148.050      21.171    1.568     1.620    4.728      ✓
     89.69     40.00   1.000   1.000     146.182      41.350    1.573     1.676    4.266      ✓
    142.14     50.00   1.000   1.000     147.495      21.171    1.574     1.626    4.743      ✓
    141.74     50.00   1.000   1.000     146.941      21.171    1.579     1.633    4.759      ✓
     89.29     40.00   1.000   1.000     145.099      41.350    1.584     1.688    4.291      ✓
    141.34     50.00   1.000   1.000     146.386      21.171    1.585     1.639    4.774      ✓
    140.94     50.00   1.000   1.000     145.832      21.171    1.591     1.645    4.790      ✓
     88.89     40.00   1.000   1.000     144.016      41.350    1.595     1.701    4.316      ✓
    140.54     50.00   1.000   1.000     145.277      21.171    1.597     1.651    4.806      ✓
    140.14     50.00   1.000   1.000     144.722      21.171    1.603     1.657    4.822      ✓
     88.49     40.00   1.000   1.000     142.933      41.350    1.606     1.714    4.341      ✓
    139.74     50.00   1.000   1.000     144.168      21.171    1.609     1.664    4.839      ✓
    139.34     50.00   1.000   1.000     143.613      21.171    1.615     1.670    4.855      ✓
     88.09     40.00   1.000   1.000     141.850      41.350    1.618     1.727    4.367      ✓
    138.94     50.00   1.000   1.000     143.059      21.171    1.621     1.677    4.871      ✓
    138.54     50.00   1.000   1.000     142.504      21.171    1.627     1.683    4.888      ✓
     87.69     40.00   1.000   1.000     140.767      41.350    1.629     1.740    4.393      ✓
    138.14     50.00   1.000   1.000     141.950      21.171    1.633     1.690    4.904      ✓
    137.74     50.00   1.000   1.000     141.395      21.171    1.639     1.696    4.921      ✓
     87.29     40.00   1.000   1.000     139.683      41.350    1.641     1.753    4.419      ✓
    137.34     50.00   1.000   1.000     140.840      21.171    1.645     1.703    4.938      ✓
    136.94     50.00   1.000   1.000     140.286      21.171    1.652     1.710    4.955      ✓
     86.89     40.00   1.000   1.000     138.600      41.350    1.653     1.767    4.446      ✓
    136.54     50.00   1.000   1.000     139.731      21.171    1.658     1.717    4.972      ✓
    136.14     50.00   1.000   1.000     139.177      21.171    1.664     1.723    4.989      ✓
     86.49     40.00   1.000   1.000     137.517      41.350    1.665     1.781    4.473      ✓
    135.74     50.00   1.000   1.000     138.622      21.171    1.671     1.730    5.006      ✓
    135.34     50.00   1.000   1.000     138.067      21.171    1.677     1.737    5.024      ✓
     86.09     40.00   1.000   1.000     136.434      41.350    1.677     1.795    4.500      ✓
    134.93     50.00   1.000   1.000     137.513      21.171    1.684     1.744    5.041      ✓
     85.69     40.00   1.000   1.000     135.351      41.350    1.690     1.809    4.527      ✓
    134.53     50.00   1.000   1.000     136.958      21.171    1.690     1.751    5.059      ✓
    134.13     50.00   1.000   1.000     136.404      21.171    1.697     1.758    5.077      ✓
     85.29     40.00   1.000   1.000     134.268      41.350    1.703     1.823    4.555      ✓
    133.73     50.00   1.000   1.000     135.849      21.171    1.704     1.766    5.095      ✓
    133.33     50.00   1.000   1.000     135.295      21.171    1.710     1.773    5.113      ✓
     84.88     40.00   1.000   1.000     133.184      41.350    1.715     1.838    4.584      ✓
    132.93     50.00   1.000   1.000     134.740      21.171    1.717     1.780    5.131      ✓
    132.53     50.00   1.000   1.000     134.185      21.171    1.724     1.787    5.149      ✓
     84.48     40.00   1.000   1.000     132.101      41.350    1.728     1.853    4.612      ✓
    132.13     50.00   1.000   1.000     133.631      21.171    1.731     1.795    5.168      ✓
    131.73     50.00   1.000   1.000     133.076      21.171    1.738     1.802    5.186      ✓
     84.08     40.00   1.000   1.000     131.018      41.350    1.742     1.868    4.641      ✓
    131.33     50.00   1.000   1.000     132.522      21.171    1.745     1.810    5.205      ✓
    130.93     50.00   1.000   1.000     131.967      21.171    1.752     1.817    5.224      ✓
     83.68     40.00   1.000   1.000     129.935      41.350    1.755     1.884    4.671      ✓
    130.53     50.00   1.000   1.000     131.413      21.171    1.759     1.825    5.243      ✓
    130.13     50.00   1.000   1.000     130.858      21.171    1.766     1.833    5.262      ✓
     83.28     40.00   1.000   1.000     128.852      41.350    1.769     1.899    4.700      ✓
    129.73     50.00   1.000   1.000     130.303      21.171    1.773     1.840    5.281      ✓
    129.33     50.00   1.000   1.000     129.749      21.171    1.781     1.848    5.301      ✓
     82.88     40.00   1.000   1.000     127.769      41.350    1.783     1.915    4.730      ✓
    128.93     50.00   1.000   1.000     129.194      21.171    1.788     1.856    5.320      ✓
    128.53     50.00   1.000   1.000     128.640      21.171    1.796     1.864    5.340      ✓
     82.48     40.00   1.000   1.000     126.685      41.350    1.797     1.931    4.761      ✓
    128.13     50.00   1.000   1.000     128.085      21.171    1.803     1.872    5.360      ✓
    127.73     50.00   1.000   1.000     127.530      21.171    1.811     1.880    5.380      ✓
     82.08     40.00   1.000   1.000     125.602      41.350    1.811     1.948    4.792      ✓
    127.33     50.00   1.000   1.000     126.976      21.171    1.818     1.889    5.400      ✓
     81.68     40.00   1.000   1.000     124.519      41.350    1.826     1.965    4.823      ✓
    126.93     50.00   1.000   1.000     126.421      21.171    1.826     1.897    5.420      ✓
    126.53     50.00   1.000   1.000     125.867      21.171    1.834     1.905    5.441      ✓
     81.28     40.00   1.000   1.000     123.436      41.350    1.841     1.982    4.855      ✓
    126.13     50.00   1.000   1.000     125.312      21.171    1.841     1.914    5.461      ✓
    125.73     50.00   1.000   1.000     124.758      21.171    1.849     1.922    5.482      ✓
     80.88     40.00   1.000   1.000     122.353      41.350    1.856     1.999    4.887      ✓
    125.33     50.00   1.000   1.000     124.203      21.171    1.857     1.931    5.503      ✓
    124.92     50.00   1.000   1.000     123.648      21.171    1.865     1.939    5.524      ✓
     80.48     40.00   1.000   1.000     121.270      41.350    1.871     2.017    4.919      ✓
    124.52     50.00   1.000   1.000     123.094      21.171    1.873     1.948    5.545      ✓
    124.12     50.00   1.000   1.000     122.539      21.171    1.881     1.957    5.567      ✓
     80.08     40.00   1.000   1.000     120.186      41.350    1.886     2.035    4.952      ✓
    123.72     50.00   1.000   1.000     121.985      21.171    1.890     1.966    5.588      ✓
    123.32     50.00   1.000   1.000     121.430      21.171    1.898     1.975    5.610      ✓
     79.68     40.00   1.000   1.000     119.103      41.350    1.902     2.053    4.986      ✓
    122.92     50.00   1.000   1.000     120.876      21.171    1.906     1.984    5.632      ✓
    122.52     50.00   1.000   1.000     120.321      21.171    1.915     1.993    5.654      ✓
     79.28     40.00   1.000   1.000     118.020      41.350    1.918     2.072    5.020      ✓
    122.12     50.00   1.000   1.000     119.766      21.171    1.923     2.002    5.676      ✓
    121.72     50.00   1.000   1.000     119.212      21.171    1.932     2.011    5.699      ✓
     78.88     40.00   1.000   1.000     116.937      41.350    1.935     2.091    5.054      ✓
    121.32     50.00   1.000   1.000     118.657      21.171    1.940     2.021    5.721      ✓
    120.92     50.00   1.000   1.000     118.103      21.171    1.949     2.030    5.744      ✓
     78.48     40.00   1.000   1.000     115.854      41.350    1.951     2.110    5.089      ✓
    120.52     50.00   1.000   1.000     117.548      21.171    1.958     2.040    5.767      ✓
    120.12     50.00   1.000   1.000     116.993      21.171    1.967     2.049    5.790      ✓
     78.08     40.00   1.000   1.000     114.771      41.350    1.968     2.130    5.124      ✓
    119.72     50.00   1.000   1.000     116.439      21.171    1.976     2.059    5.814      ✓
    119.32     50.00   1.000   1.000     115.884      21.171    1.985     2.069    5.837      ✓
     77.68     40.00   1.000   1.000     113.687      41.350    1.985     2.150    5.160      ✓
    118.92     50.00   1.000   1.000     115.330      21.171    1.994     2.079    5.861      ✓
     77.28     40.00   1.000   1.000     112.604      41.350    2.003     2.170    5.196      ✓
    118.52     50.00   1.000   1.000     114.775      21.171    2.003     2.089    5.885      ✓
    118.12     50.00   1.000   1.000     114.221      21.171    2.013     2.099    5.909      ✓
     76.88     40.00   1.000   1.000     111.521      41.350    2.021     2.191    5.233      ✓
    117.72     50.00   1.000   1.000     113.666      21.171    2.022     2.109    5.933      ✓
    117.32     50.00   1.000   1.000     113.111      21.171    2.031     2.119    5.958      ✓
     76.48     40.00   1.000   1.000     110.438      41.350    2.039     2.212    5.271      ✓
    116.92     50.00   1.000   1.000     112.557      21.171    2.041     2.130    5.982      ✓
    116.52     50.00   1.000   1.000     112.002      21.171    2.051     2.140    6.007      ✓
     76.08     40.00   1.000   1.000     109.355      41.350    2.057     2.234    5.308      ✓
    116.12     50.00   1.000   1.000     111.448      21.171    2.060     2.151    6.032      ✓
    115.72     50.00   1.000   1.000     110.893      21.171    2.070     2.162    6.058      ✓
     75.68     40.00   1.000   1.000     108.272      41.350    2.076     2.256    5.347      ✓
    115.32     50.00   1.000   1.000     110.338      21.171    2.080     2.172    6.083      ✓
    114.91     50.00   1.000   1.000     109.784      21.171    2.090     2.183    6.109      ✓
     75.28     40.00   1.000   1.000     107.188      41.350    2.095     2.278    5.386      ✓
    114.51     50.00   1.000   1.000     109.229      21.171    2.100     2.194    6.135      ✓
    114.11     50.00   1.000   1.000     108.675      21.171    2.111     2.206    6.161      ✓
     74.87     40.00   1.000   1.000     106.105      41.350    2.115     2.301    5.425      ✓
    113.71     50.00   1.000   1.000     108.120      21.171    2.121     2.217    6.188      ✓
    113.31     50.00   1.000   1.000     107.566      21.171    2.131     2.228    6.214      ✓
     74.47     40.00   1.000   1.000     105.022      41.350    2.135     2.325    5.466      ✓
    112.91     50.00   1.000   1.000     107.011      21.171    2.142     2.240    6.241      ✓
    112.51     50.00   1.000   1.000     106.456      21.171    2.153     2.251    6.268      ✓
     74.07     40.00   1.000   1.000     103.939      41.350    2.155     2.348    5.506      ✓
    112.11     50.00   1.000   1.000     105.902      21.171    2.163     2.263    6.296      ✓
    111.71     50.00   1.000   1.000     105.347      21.171    2.174     2.275    6.323      ✓
     73.67     40.00   1.000   1.000     102.856      41.350    2.176     2.373    5.548      ✓
    111.31     50.00   1.000   1.000     104.793      21.171    2.185     2.287    6.351      ✓
    110.91     50.00   1.000   1.000     104.238      21.171    2.196     2.299    6.379      ✓
     73.27     40.00   1.000   1.000     101.773      41.350    2.197     2.398    5.590      ✓
    110.51     50.00   1.000   1.000     103.684      21.171    2.208     2.311    6.407      ✓
     72.87     40.00   1.000   1.000     100.689      41.350    2.218     2.423    5.632      ✓
    110.11     50.00   1.000   1.000     103.129      21.171    2.219     2.324    6.436      ✓
    109.71     50.00   1.000   1.000     102.574      21.171    2.230     2.336    6.465      ✓
     72.47     40.00   1.000   1.000      99.606      41.350    2.240     2.449    5.676      ✓
    109.31     50.00   1.000   1.000     102.020      21.171    2.242     2.349    6.494      ✓
    108.91     50.00   1.000   1.000     101.465      21.171    2.253     2.362    6.523      ✓
     72.07     40.00   1.000   1.000      98.523      41.350    2.262     2.475    5.719      ✓
    108.51     50.00   1.000   1.000     100.911      21.171    2.265     2.375    6.553      ✓
    108.11     50.00   1.000   1.000     100.356      21.171    2.277     2.388    6.583      ✓
     71.67     40.00   1.000   1.000      97.440      41.350    2.285     2.502    5.764      ✓
    107.71     50.00   1.000   1.000      99.801      21.171    2.289     2.401    6.613      ✓
    107.31     50.00   1.000   1.000      99.247      21.171    2.301     2.414    6.644      ✓
     71.27     40.00   1.000   1.000      96.357      41.350    2.308     2.530    5.809      ✓
    106.91     50.00   1.000   1.000      98.692      21.171    2.314     2.428    6.674      ✓
    106.51     50.00   1.000   1.000      98.138      21.171    2.326     2.442    6.705      ✓
     70.87     40.00   1.000   1.000      95.274      41.350    2.332     2.558    5.856      ✓
    106.11     50.00   1.000   1.000      97.583      21.171    2.339     2.455    6.737      ✓
    105.71     50.00   1.000   1.000      97.029      21.171    2.351     2.469    6.768      ✓
     70.47     40.00   1.000   1.000      94.191      41.350    2.356     2.587    5.902      ✓
    105.31     50.00   1.000   1.000      96.474      21.171    2.364     2.483    6.800      ✓
    104.90     50.00   1.000   1.000      95.919      21.171    2.377     2.498    6.832      ✓
     70.07     40.00   1.000   1.000      93.107      41.350    2.381     2.617    5.950      ✓
    104.50     50.00   1.000   1.000      95.365      21.171    2.390     2.512    6.865      ✓
    104.10     50.00   1.000   1.000      94.810      21.171    2.404     2.527    6.898      ✓
     69.67     40.00   1.000   1.000      92.024      41.350    2.406     2.647    5.998      ✓
    103.70     50.00   1.000   1.000      94.256      21.171    2.417     2.542    6.931      ✓
    103.30     50.00   1.000   1.000      93.701      21.171    2.431     2.557    6.964      ✓
     69.27     40.00   1.000   1.000      90.941      41.350    2.432     2.678    6.047      ✓
    102.90     50.00   1.000   1.000      93.147      21.171    2.444     2.572    6.998      ✓
    102.50     50.00   1.000   1.000      92.592      21.171    2.458     2.587    7.032      ✓
     68.87     40.00   1.000   1.000      89.858      41.350    2.458     2.710    6.097      ✓
    102.10     50.00   1.000   1.000      92.037      21.171    2.472     2.603    7.067      ✓
     68.47     40.00   1.000   1.000      88.775      41.350    2.485     2.742    6.148      ✓
    101.70     50.00   1.000   1.000      91.483      21.171    2.486     2.618    7.101      ✓
    101.30     50.00   1.000   1.000      90.928      21.171    2.501     2.634    7.137      ✓
     68.07     40.00   1.000   1.000      87.692      41.350    2.513     2.775    6.200      ✓
    100.90     50.00   1.000   1.000      90.374      21.171    2.515     2.650    7.172      ✓
    100.50     50.00   1.000   1.000      89.819      21.171    2.530     2.667    7.208      ✓
     67.67     40.00   1.000   1.000      86.608      41.350    2.541     2.809    6.252      ✓
    100.10     50.00   1.000   1.000      89.264      21.171    2.545     2.683    7.244      ✓
     67.27     40.00   1.000   1.000      85.525      41.350    2.570     2.844    6.305      ✓
     66.87     40.00   1.000   1.000      84.442      41.350    2.599     2.880    6.360      ✓
     66.47     40.00   1.000   1.000      83.359      41.350    2.629     2.916    6.415      ✓
     66.07     40.00   1.000   1.000      82.276      41.350    2.660     2.954    6.471      ✓
     65.67     40.00   1.000   1.000      81.193      41.350    2.692     2.992    6.528      ✓
     65.27     40.00   1.000   1.000      80.109      41.350    2.724     3.032    6.587      ✓
     64.86     40.00   1.000   1.000      79.026      41.350    2.757     3.072    6.646      ✓
     64.46     40.00   1.000   1.000      77.943      41.350    2.791     3.114    6.706      ✓
     64.06     40.00   1.000   1.000      76.860      41.350    2.826     3.157    6.768      ✓
     63.66     40.00   1.000   1.000      75.777      41.350    2.861     3.200    6.830      ✓
     63.26     40.00   1.000   1.000      74.694      41.350    2.898     3.246    6.894      ✓
     62.86     40.00   1.000   1.000      73.610      41.350    2.935     3.292    6.959      ✓
     62.46     40.00   1.000   1.000      72.527      41.350    2.974     3.340    7.025      ✓
     62.06     40.00   1.000   1.000      71.444      41.350    3.013     3.389    7.093      ✓
     61.66     40.00   1.000   1.000      70.361      41.350    3.054     3.439    7.161      ✓
     61.26     40.00   1.000   1.000      69.278      41.350    3.095     3.491    7.231      ✓
     60.86     40.00   1.000   1.000      68.195      41.350    3.138     3.545    7.303      ✓
     60.46     40.00   1.000   1.000      67.111      41.350    3.182     3.600    7.376      ✓
     60.06     40.00   1.000   1.000      66.028      41.350    3.227     3.657    7.450      ✓
     59.66     40.00   1.000   1.000      64.945      41.350    3.274     3.716    7.526      ✓
     59.26     40.00   1.000   1.000      63.862      41.350    3.322     3.777    7.604      ✓
     58.86     40.00   1.000   1.000      62.779      41.350    3.371     3.839    7.683      ✓
     58.46     40.00   1.000   1.000      61.696      41.350    3.422     3.904    7.764      ✓
     58.06     40.00   1.000   1.000      60.612      41.350    3.474     3.971    7.846      ✓
     57.66     40.00   1.000   1.000      59.529      41.350    3.528     4.040    7.930      ✓
     57.26     40.00   1.000   1.000      58.446      41.350    3.584     4.111    8.016      ✓
     56.86     40.00   1.000   1.000      57.363      41.350    3.641     4.185    8.104      ✓
     56.46     40.00   1.000   1.000      56.280      41.350    3.701     4.262    8.194      ✓
     56.06     40.00   1.000   1.000      55.197      41.350    3.762     4.342    8.286      ✓
     55.66     40.00   1.000   1.000      54.113      41.350    3.825     4.424    8.380      ✓
     55.26     40.00   1.000   1.000      53.030      41.350    3.891     4.509    8.476      ✓
     54.85     40.00   1.000   1.000      51.947      41.350    3.959     4.598    8.575      ✓
     54.45     40.00   1.000   1.000      50.864      41.350    4.029     4.690    8.676      ✓
     54.05     40.00   1.000   1.000      49.781      41.350    4.102     4.786    8.779      ✓
     53.65     40.00   1.000   1.000      48.698      41.350    4.177     4.886    8.884      ✓
     53.25     40.00   1.000   1.000      47.614      41.350    4.256     4.990    8.992      ✓
     52.85     40.00   1.000   1.000      46.531      41.350    4.337     5.098    9.103      ✓
     52.45     40.00   1.000   1.000      45.448      41.350    4.422     5.211    9.217      ✓
     52.05     40.00   1.000   1.000      44.365      41.350    4.509     5.328    9.333      ✓
     51.65     40.00   1.000   1.000      43.282      41.350    4.601     5.451    9.453      ✓
     51.25     40.00   1.000   1.000      42.199      41.350    4.696     5.580    9.575      ✓
     50.85     40.00   1.000   1.000      41.115      41.350    4.795     5.714    9.701      ✓
     50.45     40.00   1.000   1.000      40.032      41.350    4.899     5.855    9.830      ✓
     50.05     40.00   1.000   1.000      38.949      41.350    5.007     6.002    9.963      ✓
     49.65     40.00   1.000   1.000      38.360       0.000    6.410     6.410   20.855      ✓
     49.25     40.00   1.000   1.000      37.842       0.000    6.498     6.498   21.140      ✓
     48.85     40.00   1.000   1.000      37.324       0.000    6.588     6.588   21.434      ✓
     48.45     40.00   1.000   1.000      36.806       0.000    6.681     6.681   21.735      ✓
     48.05     40.00   1.000   1.000      36.288       0.000    6.776     6.776   22.046      ✓
     47.65     40.00   1.000   1.000      35.770       0.000    6.875     6.875   22.365      ✓
     47.25     40.00   1.000   1.000      35.252       0.000    6.976     6.976   22.694      ✓
     46.85     40.00   1.000   1.000      34.734       0.000    7.080     7.080   23.032      ✓
     46.45     40.00   1.000   1.000      34.216       0.000    7.187     7.187   23.381      ✓
     46.05     40.00   1.000   1.000      33.698       0.000    7.297     7.297   23.740      ✓
     45.65     40.00   1.000   1.000      33.180       0.000    7.411     7.411   24.111      ✓
     45.25     40.00   1.000   1.000      32.662       0.000    7.529     7.529   24.493      ✓
     44.84     40.00   1.000   1.000      32.144       0.000    7.650     7.650   24.888      ✓
     44.44     40.00   1.000   1.000      31.626       0.000    7.775     7.775   25.296      ✓
     44.04     40.00   1.000   1.000      31.108       0.000    7.905     7.905   25.717      ✓
     43.64     40.00   1.000   1.000      30.590       0.000    8.039     8.039   26.152      ✓
     43.24     40.00   1.000   1.000      30.072       0.000    8.177     8.177   26.603      ✓
     42.84     40.00   1.000   1.000      29.554       0.000    8.321     8.321   27.069      ✓
     42.44     40.00   1.000   1.000      29.036       0.000    8.469     8.469   27.552      ✓
     42.04     40.00   1.000   1.000      28.518       0.000    8.623     8.623   28.053      ✓
     41.64     40.00   1.000   1.000      28.000       0.000    8.782     8.782   28.572      ✓
     41.24     40.00   1.000   1.000      27.482       0.000    8.948     8.948   29.110      ✓
     40.84     40.00   1.000   1.000      26.964       0.000    9.120     9.120   29.670      ✓
     40.44     40.00   1.000   1.000      26.446       0.000    9.299     9.299   30.251      ✓
     40.04     40.00   1.000   1.000      25.928       0.000    9.484     9.484   30.855      ✓
     39.64     40.00   1.000   1.000      25.410       0.000    9.678     9.678   31.484      ✓
     39.24     40.00   1.000   1.000      24.892       0.000    9.879     9.879   32.139      ✓
     38.84     40.00   1.000   1.000      24.374       0.000   10.089    10.089   32.822      ✓
     38.44     40.00   1.000   1.000      23.856       0.000   10.308    10.308   33.535      ✓
     38.04     40.00   1.000   1.000      23.337       0.000   10.537    10.537   34.280      ✓
     37.64     40.00   1.000   1.000      22.819       0.000   10.776    10.776   35.058      ✓
     37.24     40.00   1.000   1.000      22.301       0.000   11.027    11.027   35.872      ✓
     36.84     40.00   1.000   1.000      21.783       0.000   11.289    11.289   36.725      ✓
     36.44     40.00   1.000   1.000      21.265       0.000   11.564    11.564   37.620      ✓
     36.04     40.00   1.000   1.000      20.747       0.000   11.853    11.853   38.559      ✓
     35.64     40.00   1.000   1.000      20.229       0.000   12.156    12.156   39.547      ✓
     35.24     40.00   1.000   1.000      19.711       0.000   12.476    12.476   40.586      ✓
     34.83     40.00   1.000   1.000      19.193       0.000   12.812    12.812   41.681      ✓
     34.43     40.00   1.000   1.000      18.675       0.000   13.168    13.168   42.838      ✓
     34.03     40.00   1.000   1.000      18.157       0.000   13.543    13.543   44.060      ✓
     33.63     40.00   1.000   1.000      17.639       0.000   13.941    13.941   45.354      ✓
     33.23     40.00   1.000   1.000      17.121       0.000   14.363    14.363   46.726      ✓
     32.83     40.00   1.000   1.000      16.603       0.000   14.811    14.811   48.184      ✓
     32.43     40.00   1.000   1.000      16.085       0.000   15.288    15.288   49.736      ✓
     32.03     40.00   1.000   1.000      15.567       0.000   15.797    15.797   51.391      ✓
     31.63     40.00   1.000   1.000      15.049       0.000   16.341    16.341   53.160      ✓
     31.23     40.00   1.000   1.000      14.531       0.000   16.923    16.923   55.055      ✓
     30.83     40.00   1.000   1.000      14.013       0.000   17.549    17.549   57.090      ✓
     30.43     40.00   1.000   1.000      13.495       0.000   18.222    18.222   59.282      ✓
     30.03     40.00   1.000   1.000      12.977       0.000   18.950    18.950   61.649      ✓
     29.63     40.00   1.000   1.000      12.459       0.000   19.738    19.738   64.212      ✓
     29.23     40.00   1.000   1.000      11.941       0.000   20.594    20.594   66.998      ✓
     28.83     40.00   1.000   1.000      11.423       0.000   21.528    21.528   70.036      ✓
     28.43     40.00   1.000   1.000      10.905       0.000   22.551    22.551   73.363      ✓
     28.03     40.00   1.000   1.000      10.387       0.000   23.675    23.675   77.022      ✓
     27.63     40.00   1.000   1.000       9.869       0.000   24.918    24.918   81.065      ✓
     27.23     40.00   1.000   1.000       9.351       0.000   26.299    26.299   85.557      ✓
     26.83     40.00   1.000   1.000       8.832       0.000   27.841    27.841   90.575      ✓
     26.43     40.00   1.000   1.000       8.314       0.000   29.576    29.576   96.218      ✓
     26.03     40.00   1.000   1.000       7.796       0.000   31.541    31.541  102.611      ✓
     25.63     40.00   1.000   1.000       7.278       0.000   33.786    33.786  109.914      ✓
     25.23     40.00   1.000   1.000       6.760       0.000   36.375    36.375  118.337      ✓
     24.82     40.00   1.000   1.000       6.242       0.000   39.394    39.394  128.157      ✓
     24.42     40.00   1.000   1.000       5.724       0.000   42.959    42.959  139.755      ✓
     24.02     40.00   1.000   1.000       5.206       0.000   47.233    47.233  153.661      ✓
     23.62     40.00   1.000   1.000       4.688       0.000   52.452    52.452  170.641      ✓
     23.22     40.00   1.000   1.000       4.170       0.000   58.968    58.968  191.838      ✓
     22.82     40.00   1.000   1.000       3.652       0.000   67.332    67.332  219.049      ✓
     22.42     40.00   1.000   1.000       3.134       0.000   78.462    78.462  255.256      ✓
     22.02     40.00   1.000   1.000       2.616       0.000   93.999    93.999  305.801      ✓
     21.62     40.00   1.000   1.000       2.098       0.000  117.208   117.208  381.308      ✓
     21.22     40.00   1.000   1.000       1.580       0.000  155.637   155.637  506.327      ✓
     20.82     40.00   1.000   1.000       1.062       0.000  231.558   231.558  753.316      ✓
     20.42     40.00   1.000   1.000       0.544       0.000  452.089   452.089  1470.760      ✓
     20.02     40.00   1.000   1.000       0.026       0.000  9493.868  9493.868  30885.951      ✓
      0.00     40.00   1.000   1.000       0.000       0.000        ∞         ∞        ∞      ✓
      0.40     40.00   1.000   1.000       0.000       0.000        ∞         ∞        ∞      ✓
      0.80     40.00   1.000   1.000       0.000       0.000        ∞         ∞        ∞      ✓
      1.20     40.00   1.000   1.000       0.000       0.000        ∞         ∞        ∞      ✓
      1.60     40.00   1.000   1.000       0.000       0.000        ∞         ∞        ∞      ✓
      2.00     40.00   1.000   1.000       0.000       0.000        ∞         ∞        ∞      ✓
      2.40     40.00   1.000   1.000       0.000       0.000        ∞         ∞        ∞      ✓
      2.80     40.00   1.000   1.000       0.000       0.000        ∞         ∞        ∞      ✓
      3.20     40.00   1.000   1.000       0.000       0.000        ∞         ∞        ∞      ✓
      3.60     40.00   1.000   1.000       0.000       0.000        ∞         ∞        ∞      ✓
      4.00     40.00   1.000   1.000       0.000       0.000        ∞         ∞        ∞      ✓
      4.40     40.00   1.000   1.000       0.000       0.000        ∞         ∞        ∞      ✓
      4.80     40.00   1.000   1.000       0.000       0.000        ∞         ∞        ∞      ✓
      5.21     40.00   1.000   1.000       0.000       0.000        ∞         ∞        ∞      ✓
      5.61     40.00   1.000   1.000       0.000       0.000        ∞         ∞        ∞      ✓
      6.01     40.00   1.000   1.000       0.000       0.000        ∞         ∞        ∞      ✓
      6.41     40.00   1.000   1.000       0.000       0.000        ∞         ∞        ∞      ✓
      6.81     40.00   1.000   1.000       0.000       0.000        ∞         ∞        ∞      ✓
      7.21     40.00   1.000   1.000       0.000       0.000        ∞         ∞        ∞      ✓
      7.61     40.00   1.000   1.000       0.000       0.000        ∞         ∞        ∞      ✓
      8.01     40.00   1.000   1.000       0.000       0.000        ∞         ∞        ∞      ✓
      8.41     40.00   1.000   1.000       0.000       0.000        ∞         ∞        ∞      ✓
      8.81     40.00   1.000   1.000       0.000       0.000        ∞         ∞        ∞      ✓
      9.21     40.00   1.000   1.000       0.000       0.000        ∞         ∞        ∞      ✓
      9.61     40.00   1.000   1.000       0.000       0.000        ∞         ∞        ∞      ✓
     10.01     40.00   1.000   1.000       0.000       0.000        ∞         ∞        ∞      ✓
     10.41     40.00   1.000   1.000       0.000       0.000        ∞         ∞        ∞      ✓
     10.81     40.00   1.000   1.000       0.000       0.000        ∞         ∞        ∞      ✓
     11.21     40.00   1.000   1.000       0.000       0.000        ∞         ∞        ∞      ✓
     11.61     40.00   1.000   1.000       0.000       0.000        ∞         ∞        ∞      ✓
     12.01     40.00   1.000   1.000       0.000       0.000        ∞         ∞        ∞      ✓
     12.41     40.00   1.000   1.000       0.000       0.000        ∞         ∞        ∞      ✓
     12.81     40.00   1.000   1.000       0.000       0.000        ∞         ∞        ∞      ✓
     13.21     40.00   1.000   1.000       0.000       0.000        ∞         ∞        ∞      ✓
     13.61     40.00   1.000   1.000       0.000       0.000        ∞         ∞        ∞      ✓
     14.01     40.00   1.000   1.000       0.000       0.000        ∞         ∞        ∞      ✓
     14.41     40.00   1.000   1.000       0.000       0.000        ∞         ∞        ∞      ✓
     14.81     40.00   1.000   1.000       0.000       0.000        ∞         ∞        ∞      ✓
     15.22     40.00   1.000   1.000       0.000       0.000        ∞         ∞        ∞      ✓
     15.62     40.00   1.000   1.000       0.000       0.000        ∞         ∞        ∞      ✓
     16.02     40.00   1.000   1.000       0.000       0.000        ∞         ∞        ∞      ✓
     16.42     40.00   1.000   1.000       0.000       0.000        ∞         ∞        ∞      ✓
     16.82     40.00   1.000   1.000       0.000       0.000        ∞         ∞        ∞      ✓
     17.22     40.00   1.000   1.000       0.000       0.000        ∞         ∞        ∞      ✓
     17.62     40.00   1.000   1.000       0.000       0.000        ∞         ∞        ∞      ✓
     18.02     40.00   1.000   1.000       0.000       0.000        ∞         ∞        ∞      ✓
     18.42     40.00   1.000   1.000       0.000       0.000        ∞         ∞        ∞      ✓
     18.82     40.00   1.000   1.000       0.000       0.000        ∞         ∞        ∞      ✓
     19.22     40.00   1.000   1.000       0.000       0.000        ∞         ∞        ∞      ✓
     19.62     40.00   1.000   1.000       0.000       0.000        ∞         ∞        ∞      ✓

MOST CRITICAL SECTION
--------------------------------------------------------------------------------
  x                     : 400.00  [mm]
  diameter              : 40.00  [mm]
  Kt                    : 1.0000
  Kf                    : 1.0000
  Kts                   : 1.0000
  Kfs                   : 1.0000
  q (bending)           : 1.0000
  qs (torsion)          : 1.0000
  Ma                    : 6207703.67  [N·mm]
  Tm                    : 300000.00  [N·mm]
  Se'                   : 245.91  [MPa]
  ka                    : 0.7231
  kb                    : 0.8356
  ke                    : 0.8140
  sigma_a               : 987.987  [MPa]
  sigma_m               : 41.350  [MPa]
  nf_goodman            : 0.246
  nf_asme               : 0.249
  ny                    : 0.777
  Safe                  : ✗
  Langer OK             : ✓

================================================================================
STATUS : WARNING: 487 section(s) unsafe
================================================================================