================================================================================
AxisForge — Fatigue Stress Analysis — Shaft
================================================================================
Project  : demo_reducer_2stages
Element  : shaft_1
Script   : shaft_1.py
Date     : 2026-05-29 12:15:32
Solver   : StressSolver v1.0
Standard : Shigley 10th ed. §7-4
================================================================================

  Material      : 42CrMo4
  Surface finish: machined
  Reliability   : 99 %
  Sut           : 1000.0 MPa
  Sy            : 800.0 MPa

--------------------------------------------------------------------------------
    x [mm]    d [mm]      Kf     Kfs   σ_a [MPa]   σ_m [MPa]    nf_GM   nf_ASME       ny   Safe
  ----------------------------------------------------------------------------
    400.00     40.00   1.000   1.000     470.470      27.566    0.515     0.523    1.606      ✗
    399.60     40.00   1.000   1.000     469.858      27.566    0.516     0.523    1.608      ✗
    399.20     40.00   1.000   1.000     469.245      27.566    0.517     0.524    1.610      ✗
    398.80     40.00   1.000   1.000     468.633      27.566    0.517     0.525    1.612      ✗
    398.40     40.00   1.000   1.000     468.021      27.566    0.518     0.525    1.614      ✗
    398.00     40.00   1.000   1.000     467.409      27.566    0.519     0.526    1.616      ✗
    397.60     40.00   1.000   1.000     466.797      27.566    0.519     0.527    1.618      ✗
    397.20     40.00   1.000   1.000     466.184      27.566    0.520     0.527    1.620      ✗
    396.80     40.00   1.000   1.000     465.572      27.566    0.521     0.528    1.622      ✗
    396.40     40.00   1.000   1.000     464.960      27.566    0.521     0.529    1.624      ✗
    396.00     40.00   1.000   1.000     464.348      27.566    0.522     0.529    1.626      ✗
    395.60     40.00   1.000   1.000     463.735      27.566    0.523     0.530    1.628      ✗
    395.20     40.00   1.000   1.000     463.123      27.566    0.523     0.531    1.630      ✗
    394.79     40.00   1.000   1.000     462.511      27.566    0.524     0.532    1.632      ✗
    394.39     40.00   1.000   1.000     461.899      27.566    0.525     0.532    1.634      ✗
    393.99     40.00   1.000   1.000     461.287      27.566    0.525     0.533    1.636      ✗
    393.59     40.00   1.000   1.000     460.674      27.566    0.526     0.534    1.639      ✗
    393.19     40.00   1.000   1.000     460.062      27.566    0.527     0.534    1.641      ✗
    392.79     40.00   1.000   1.000     459.450      27.566    0.527     0.535    1.643      ✗
    392.39     40.00   1.000   1.000     458.838      27.566    0.528     0.536    1.645      ✗
    391.99     40.00   1.000   1.000     458.225      27.566    0.529     0.537    1.647      ✗
    391.59     40.00   1.000   1.000     457.613      27.566    0.530     0.537    1.649      ✗
    391.19     40.00   1.000   1.000     457.001      27.566    0.530     0.538    1.651      ✗
    390.79     40.00   1.000   1.000     456.389      27.566    0.531     0.539    1.653      ✗
    390.39     40.00   1.000   1.000     455.777      27.566    0.532     0.539    1.655      ✗
    389.99     40.00   1.000   1.000     455.164      27.566    0.532     0.540    1.657      ✗
    389.59     40.00   1.000   1.000     454.552      27.566    0.533     0.541    1.659      ✗
    389.19     40.00   1.000   1.000     453.940      27.566    0.534     0.542    1.661      ✗
    388.79     40.00   1.000   1.000     453.328      27.566    0.534     0.542    1.664      ✗
    388.39     40.00   1.000   1.000     452.715      27.566    0.535     0.543    1.666      ✗
    387.99     40.00   1.000   1.000     452.103      27.566    0.536     0.544    1.668      ✗
    387.59     40.00   1.000   1.000     451.491      27.566    0.537     0.545    1.670      ✗
    387.19     40.00   1.000   1.000     450.879      27.566    0.537     0.545    1.672      ✗
    386.79     40.00   1.000   1.000     450.267      27.566    0.538     0.546    1.674      ✗
    386.39     40.00   1.000   1.000     449.654      27.566    0.539     0.547    1.676      ✗
    385.99     40.00   1.000   1.000     449.042      27.566    0.539     0.548    1.679      ✗
    385.59     40.00   1.000   1.000     448.430      27.566    0.540     0.548    1.681      ✗
    385.19     40.00   1.000   1.000     447.818      27.566    0.541     0.549    1.683      ✗
    384.78     40.00   1.000   1.000     447.205      27.566    0.542     0.550    1.685      ✗
    384.38     40.00   1.000   1.000     446.593      27.566    0.542     0.551    1.687      ✗
    383.98     40.00   1.000   1.000     445.981      27.566    0.543     0.551    1.689      ✗
    383.58     40.00   1.000   1.000     445.369      27.566    0.544     0.552    1.692      ✗
    383.18     40.00   1.000   1.000     444.757      27.566    0.545     0.553    1.694      ✗
    382.78     40.00   1.000   1.000     444.144      27.566    0.545     0.554    1.696      ✗
    382.38     40.00   1.000   1.000     443.532      27.566    0.546     0.554    1.698      ✗
    381.98     40.00   1.000   1.000     442.920      27.566    0.547     0.555    1.700      ✗
    381.58     40.00   1.000   1.000     442.308      27.566    0.548     0.556    1.703      ✗
    381.18     40.00   1.000   1.000     441.695      27.566    0.548     0.557    1.705      ✗
    380.78     40.00   1.000   1.000     441.083      27.566    0.549     0.557    1.707      ✗
    380.38     40.00   1.000   1.000     440.471      27.566    0.550     0.558    1.709      ✗
    379.98     40.00   1.000   1.000     439.859      27.566    0.551     0.559    1.712      ✗
    379.58     40.00   1.000   1.000     439.246      27.566    0.551     0.560    1.714      ✗
    379.18     40.00   1.000   1.000     438.634      27.566    0.552     0.561    1.716      ✗
    378.78     40.00   1.000   1.000     438.022      27.566    0.553     0.561    1.718      ✗
    378.38     40.00   1.000   1.000     437.410      27.566    0.554     0.562    1.721      ✗
    377.98     40.00   1.000   1.000     436.798      27.566    0.554     0.563    1.723      ✗
    377.58     40.00   1.000   1.000     436.185      27.566    0.555     0.564    1.725      ✗
    377.18     40.00   1.000   1.000     435.573      27.566    0.556     0.564    1.727      ✗
    376.78     40.00   1.000   1.000     434.961      27.566    0.557     0.565    1.730      ✗
    376.38     40.00   1.000   1.000     434.349      27.566    0.557     0.566    1.732      ✗
    375.98     40.00   1.000   1.000     433.736      27.566    0.558     0.567    1.734      ✗
    375.58     40.00   1.000   1.000     433.124      27.566    0.559     0.568    1.737      ✗
    375.18     40.00   1.000   1.000     432.512      27.566    0.560     0.568    1.739      ✗
    374.77     40.00   1.000   1.000     431.900      27.566    0.561     0.569    1.741      ✗
    374.37     40.00   1.000   1.000     431.288      27.566    0.561     0.570    1.743      ✗
    373.97     40.00   1.000   1.000     430.675      27.566    0.562     0.571    1.746      ✗
    373.57     40.00   1.000   1.000     430.063      27.566    0.563     0.572    1.748      ✗
    373.17     40.00   1.000   1.000     429.451      27.566    0.564     0.572    1.750      ✗
    372.77     40.00   1.000   1.000     428.839      27.566    0.565     0.573    1.753      ✗
    372.37     40.00   1.000   1.000     428.226      27.566    0.565     0.574    1.755      ✗
    371.97     40.00   1.000   1.000     427.614      27.566    0.566     0.575    1.758      ✗
    371.57     40.00   1.000   1.000     427.002      27.566    0.567     0.576    1.760      ✗
    371.17     40.00   1.000   1.000     426.390      27.566    0.568     0.577    1.762      ✗
    370.77     40.00   1.000   1.000     425.778      27.566    0.568     0.577    1.765      ✗
    370.37     40.00   1.000   1.000     425.165      27.566    0.569     0.578    1.767      ✗
    369.97     40.00   1.000   1.000     424.553      27.566    0.570     0.579    1.769      ✗
    369.57     40.00   1.000   1.000     423.941      27.566    0.571     0.580    1.772      ✗
    369.17     40.00   1.000   1.000     423.329      27.566    0.572     0.581    1.774      ✗
    368.77     40.00   1.000   1.000     422.716      27.566    0.573     0.582    1.777      ✗
    368.37     40.00   1.000   1.000     422.104      27.566    0.573     0.582    1.779      ✗
    367.97     40.00   1.000   1.000     421.492      27.566    0.574     0.583    1.782      ✗
    367.57     40.00   1.000   1.000     420.880      27.566    0.575     0.584    1.784      ✗
    367.17     40.00   1.000   1.000     420.268      27.566    0.576     0.585    1.786      ✗
    366.77     40.00   1.000   1.000     419.655      27.566    0.577     0.586    1.789      ✗
    366.37     40.00   1.000   1.000     419.043      27.566    0.577     0.587    1.791      ✗
    365.97     40.00   1.000   1.000     418.431      27.566    0.578     0.588    1.794      ✗
    365.57     40.00   1.000   1.000     417.819      27.566    0.579     0.588    1.796      ✗
    365.17     40.00   1.000   1.000     417.206      27.566    0.580     0.589    1.799      ✗
    364.76     40.00   1.000   1.000     416.594      27.566    0.581     0.590    1.801      ✗
    364.36     40.00   1.000   1.000     415.982      27.566    0.582     0.591    1.804      ✗
    363.96     40.00   1.000   1.000     415.370      27.566    0.583     0.592    1.806      ✗
    363.56     40.00   1.000   1.000     414.758      27.566    0.583     0.593    1.809      ✗
    363.16     40.00   1.000   1.000     414.145      27.566    0.584     0.594    1.811      ✗
    362.76     40.00   1.000   1.000     413.533      27.566    0.585     0.595    1.814      ✗
    362.36     40.00   1.000   1.000     412.921      27.566    0.586     0.595    1.816      ✗
    361.96     40.00   1.000   1.000     412.309      27.566    0.587     0.596    1.819      ✗
    361.56     40.00   1.000   1.000     411.696      27.566    0.588     0.597    1.821      ✗
    361.16     40.00   1.000   1.000     411.084      27.566    0.588     0.598    1.824      ✗
    360.76     40.00   1.000   1.000     410.472      27.566    0.589     0.599    1.826      ✗
    360.36     40.00   1.000   1.000     409.860      27.566    0.590     0.600    1.829      ✗
    359.96     40.00   1.000   1.000     409.248      27.566    0.591     0.601    1.831      ✗
    359.56     40.00   1.000   1.000     408.635      27.566    0.592     0.602    1.834      ✗
    359.16     40.00   1.000   1.000     408.023      27.566    0.593     0.603    1.837      ✗
    358.76     40.00   1.000   1.000     407.411      27.566    0.594     0.603    1.839      ✗
    358.36     40.00   1.000   1.000     406.799      27.566    0.595     0.604    1.842      ✗
    357.96     40.00   1.000   1.000     406.186      27.566    0.595     0.605    1.844      ✗
    357.56     40.00   1.000   1.000     405.574      27.566    0.596     0.606    1.847      ✗
    357.16     40.00   1.000   1.000     404.962      27.566    0.597     0.607    1.850      ✗
    356.76     40.00   1.000   1.000     404.350      27.566    0.598     0.608    1.852      ✗
    356.36     40.00   1.000   1.000     403.738      27.566    0.599     0.609    1.855      ✗
    355.96     40.00   1.000   1.000     403.125      27.566    0.600     0.610    1.857      ✗
    355.56     40.00   1.000   1.000     402.513      27.566    0.601     0.611    1.860      ✗
    355.16     40.00   1.000   1.000     401.901      27.566    0.602     0.612    1.863      ✗
    354.75     40.00   1.000   1.000     401.289      27.566    0.603     0.613    1.865      ✗
    354.35     40.00   1.000   1.000     400.676      27.566    0.604     0.614    1.868      ✗
    353.95     40.00   1.000   1.000     400.064      27.566    0.604     0.615    1.871      ✗
    353.55     40.00   1.000   1.000     399.452      27.566    0.605     0.615    1.873      ✗
    353.15     40.00   1.000   1.000     398.840      27.566    0.606     0.616    1.876      ✗
    352.75     40.00   1.000   1.000     398.228      27.566    0.607     0.617    1.879      ✗
    352.35     40.00   1.000   1.000     397.615      27.566    0.608     0.618    1.882      ✗
    351.95     40.00   1.000   1.000     397.003      27.566    0.609     0.619    1.884      ✗
    351.55     40.00   1.000   1.000     396.391      27.566    0.610     0.620    1.887      ✗
    351.15     40.00   1.000   1.000     395.779      27.566    0.611     0.621    1.890      ✗
    350.75     40.00   1.000   1.000     395.166      27.566    0.612     0.622    1.892      ✗
    350.35     40.00   1.000   1.000     394.554      27.566    0.613     0.623    1.895      ✗
    349.95     40.00   1.000   1.000     393.942      27.566    0.614     0.624    1.898      ✗
    349.55     40.00   1.000   1.000     393.330      27.566    0.615     0.625    1.901      ✗
    349.15     40.00   1.000   1.000     392.718      27.566    0.616     0.626    1.903      ✗
    348.75     40.00   1.000   1.000     392.105      27.566    0.616     0.627    1.906      ✗
    348.35     40.00   1.000   1.000     391.493      27.566    0.617     0.628    1.909      ✗
    347.95     40.00   1.000   1.000     390.881      27.566    0.618     0.629    1.912      ✗
    347.55     40.00   1.000   1.000     390.269      27.566    0.619     0.630    1.915      ✗
    347.15     40.00   1.000   1.000     389.656      27.566    0.620     0.631    1.917      ✗
    346.75     40.00   1.000   1.000     389.044      27.566    0.621     0.632    1.920      ✗
    346.35     40.00   1.000   1.000     388.432      27.566    0.622     0.633    1.923      ✗
    345.95     40.00   1.000   1.000     387.820      27.566    0.623     0.634    1.926      ✗
    345.55     40.00   1.000   1.000     387.208      27.566    0.624     0.635    1.929      ✗
    345.15     40.00   1.000   1.000     386.595      27.566    0.625     0.636    1.932      ✗
    344.74     40.00   1.000   1.000     385.983      27.566    0.626     0.637    1.934      ✗
    344.34     40.00   1.000   1.000     385.371      27.566    0.627     0.638    1.937      ✗
    343.94     40.00   1.000   1.000     384.759      27.566    0.628     0.639    1.940      ✗
    343.54     40.00   1.000   1.000     384.146      27.566    0.629     0.640    1.943      ✗
    343.14     40.00   1.000   1.000     383.534      27.566    0.630     0.641    1.946      ✗
    342.74     40.00   1.000   1.000     382.922      27.566    0.631     0.642    1.949      ✗
    342.34     40.00   1.000   1.000     382.310      27.566    0.632     0.643    1.952      ✗
    341.94     40.00   1.000   1.000     381.698      27.566    0.633     0.644    1.955      ✗
    341.54     40.00   1.000   1.000     381.085      27.566    0.634     0.645    1.958      ✗
    341.14     40.00   1.000   1.000     380.473      27.566    0.635     0.646    1.961      ✗
    340.74     40.00   1.000   1.000     379.861      27.566    0.636     0.647    1.964      ✗
    340.34     40.00   1.000   1.000     379.249      27.566    0.637     0.648    1.966      ✗
    339.94     40.00   1.000   1.000     378.636      27.566    0.638     0.649    1.969      ✗
    339.54     40.00   1.000   1.000     378.024      27.566    0.639     0.650    1.972      ✗
    339.14     40.00   1.000   1.000     377.412      27.566    0.640     0.651    1.975      ✗
    338.74     40.00   1.000   1.000     376.800      27.566    0.641     0.652    1.978      ✗
    338.34     40.00   1.000   1.000     376.188      27.566    0.642     0.654    1.981      ✗
    337.94     40.00   1.000   1.000     375.575      27.566    0.643     0.655    1.984      ✗
    337.54     40.00   1.000   1.000     374.963      27.566    0.644     0.656    1.987      ✗
    337.14     40.00   1.000   1.000     374.351      27.566    0.645     0.657    1.990      ✗
    336.74     40.00   1.000   1.000     373.739      27.566    0.646     0.658    1.993      ✗
    336.34     40.00   1.000   1.000     373.126      27.566    0.647     0.659    1.997      ✗
    335.94     40.00   1.000   1.000     372.514      27.566    0.648     0.660    2.000      ✗
    335.54     40.00   1.000   1.000     371.902      27.566    0.649     0.661    2.003      ✗
    335.14     40.00   1.000   1.000     371.290      27.566    0.650     0.662    2.006      ✗
    334.73     40.00   1.000   1.000     370.678      27.566    0.651     0.663    2.009      ✗
    334.33     40.00   1.000   1.000     370.065      27.566    0.653     0.664    2.012      ✗
    333.93     40.00   1.000   1.000     369.453      27.566    0.654     0.665    2.015      ✗
    333.53     40.00   1.000   1.000     368.841      27.566    0.655     0.667    2.018      ✗
    333.13     40.00   1.000   1.000     368.229      27.566    0.656     0.668    2.021      ✗
    332.73     40.00   1.000   1.000     367.616      27.566    0.657     0.669    2.024      ✗
    332.33     40.00   1.000   1.000     367.004      27.566    0.658     0.670    2.028      ✗
    331.93     40.00   1.000   1.000     366.392      27.566    0.659     0.671    2.031      ✗
    331.53     40.00   1.000   1.000     365.780      27.566    0.660     0.672    2.034      ✗
    331.13     40.00   1.000   1.000     365.168      27.566    0.661     0.673    2.037      ✗
    330.73     40.00   1.000   1.000     364.555      27.566    0.662     0.674    2.040      ✗
    330.33     40.00   1.000   1.000     363.943      27.566    0.663     0.675    2.043      ✗
    329.93     40.00   1.000   1.000     363.331      27.566    0.664     0.677    2.047      ✗
    329.53     40.00   1.000   1.000     362.719      27.566    0.666     0.678    2.050      ✗
    329.13     40.00   1.000   1.000     362.106      27.566    0.667     0.679    2.053      ✗
    328.73     40.00   1.000   1.000     361.494      27.566    0.668     0.680    2.056      ✗
    328.33     40.00   1.000   1.000     360.882      27.566    0.669     0.681    2.059      ✗
    327.93     40.00   1.000   1.000     360.270      27.566    0.670     0.682    2.063      ✗
    327.53     40.00   1.000   1.000     359.657      27.566    0.671     0.684    2.066      ✗
    327.13     40.00   1.000   1.000     359.045      27.566    0.672     0.685    2.069      ✗
    326.73     40.00   1.000   1.000     358.433      27.566    0.673     0.686    2.073      ✗
    326.33     40.00   1.000   1.000     357.821      27.566    0.674     0.687    2.076      ✗
    325.93     40.00   1.000   1.000     357.209      27.566    0.676     0.688    2.079      ✗
    325.53     40.00   1.000   1.000     356.596      27.566    0.677     0.689    2.082      ✗
    325.13     40.00   1.000   1.000     355.984      27.566    0.678     0.691    2.086      ✗
    324.72     40.00   1.000   1.000     355.372      27.566    0.679     0.692    2.089      ✗
    324.32     40.00   1.000   1.000     354.760      27.566    0.680     0.693    2.092      ✗
    323.92     40.00   1.000   1.000     354.147      27.566    0.681     0.694    2.096      ✗
    323.52     40.00   1.000   1.000     353.535      27.566    0.682     0.695    2.099      ✗
    323.12     40.00   1.000   1.000     352.923      27.566    0.684     0.697    2.103      ✗
    322.72     40.00   1.000   1.000     352.311      27.566    0.685     0.698    2.106      ✗
    322.32     40.00   1.000   1.000     351.699      27.566    0.686     0.699    2.109      ✗
    321.92     40.00   1.000   1.000     351.086      27.566    0.687     0.700    2.113      ✗
    321.52     40.00   1.000   1.000     350.474      27.566    0.688     0.701    2.116      ✗
    321.12     40.00   1.000   1.000     349.862      27.566    0.690     0.703    2.120      ✗
    320.72     40.00   1.000   1.000     349.250      27.566    0.691     0.704    2.123      ✗
    320.32     40.00   1.000   1.000     348.637      27.566    0.692     0.705    2.127      ✗
    319.92     40.00   1.000   1.000     348.025      27.566    0.693     0.706    2.130      ✗
    319.52     40.00   1.000   1.000     347.413      27.566    0.694     0.708    2.133      ✗
    319.12     40.00   1.000   1.000     346.801      27.566    0.695     0.709    2.137      ✗
    318.72     40.00   1.000   1.000     346.189      27.566    0.697     0.710    2.140      ✗
    318.32     40.00   1.000   1.000     345.576      27.566    0.698     0.711    2.144      ✗
    317.92     40.00   1.000   1.000     344.964      27.566    0.699     0.713    2.147      ✗
    317.52     40.00   1.000   1.000     344.352      27.566    0.700     0.714    2.151      ✗
    317.12     40.00   1.000   1.000     343.740      27.566    0.702     0.715    2.155      ✗
    316.72     40.00   1.000   1.000     343.127      27.566    0.703     0.716    2.158      ✗
    316.32     40.00   1.000   1.000     342.515      27.566    0.704     0.718    2.162      ✗
    315.92     40.00   1.000   1.000     341.903      27.566    0.705     0.719    2.165      ✗
    315.52     40.00   1.000   1.000     341.291      27.566    0.706     0.720    2.169      ✗
    315.12     40.00   1.000   1.000     340.679      27.566    0.708     0.722    2.172      ✗
    314.71     40.00   1.000   1.000     340.066      27.566    0.709     0.723    2.176      ✗
    314.31     40.00   1.000   1.000     339.454      27.566    0.710     0.724    2.180      ✗
    313.91     40.00   1.000   1.000     338.842      27.566    0.711     0.726    2.183      ✗
    313.51     40.00   1.000   1.000     338.230      27.566    0.713     0.727    2.187      ✗
    313.11     40.00   1.000   1.000     337.617      27.566    0.714     0.728    2.191      ✗
    312.71     40.00   1.000   1.000     337.005      27.566    0.715     0.729    2.194      ✗
    312.31     40.00   1.000   1.000     336.393      27.566    0.717     0.731    2.198      ✗
    311.91     40.00   1.000   1.000     335.781      27.566    0.718     0.732    2.202      ✗
    311.51     40.00   1.000   1.000     335.169      27.566    0.719     0.733    2.205      ✗
    311.11     40.00   1.000   1.000     334.556      27.566    0.720     0.735    2.209      ✗
    310.71     40.00   1.000   1.000     333.944      27.566    0.722     0.736    2.213      ✗
    310.31     40.00   1.000   1.000     333.332      27.566    0.723     0.737    2.217      ✗
    309.91     40.00   1.000   1.000     332.720      27.566    0.724     0.739    2.220      ✗
    309.51     40.00   1.000   1.000     332.107      27.566    0.726     0.740    2.224      ✗
    309.11     40.00   1.000   1.000     331.495      27.566    0.727     0.742    2.228      ✗
    308.71     40.00   1.000   1.000     330.883      27.566    0.728     0.743    2.232      ✗
    308.31     40.00   1.000   1.000     330.271      27.566    0.730     0.744    2.236      ✗
    307.91     40.00   1.000   1.000     329.659      27.566    0.731     0.746    2.239      ✗
    307.51     40.00   1.000   1.000     329.046      27.566    0.732     0.747    2.243      ✗
    307.11     40.00   1.000   1.000     328.434      27.566    0.734     0.748    2.247      ✗
    306.71     40.00   1.000   1.000     327.822      27.566    0.735     0.750    2.251      ✗
    306.31     40.00   1.000   1.000     327.210      27.566    0.736     0.751    2.255      ✗
    305.91     40.00   1.000   1.000     326.597      27.566    0.738     0.753    2.259      ✗
    305.51     40.00   1.000   1.000     325.985      27.566    0.739     0.754    2.263      ✗
    305.11     40.00   1.000   1.000     325.373      27.566    0.740     0.756    2.267      ✗
    304.70     40.00   1.000   1.000     324.761      27.566    0.742     0.757    2.271      ✗
    304.30     40.00   1.000   1.000     324.149      27.566    0.743     0.758    2.275      ✗
    303.90     40.00   1.000   1.000     323.536      27.566    0.744     0.760    2.279      ✗
    303.50     40.00   1.000   1.000     322.924      27.566    0.746     0.761    2.283      ✗
    303.10     40.00   1.000   1.000     322.312      27.566    0.747     0.763    2.287      ✗
    302.70     40.00   1.000   1.000     321.700      27.566    0.749     0.764    2.291      ✗
    302.30     40.00   1.000   1.000     321.087      27.566    0.750     0.766    2.295      ✗
    301.90     40.00   1.000   1.000     320.475      27.566    0.751     0.767    2.299      ✗
    301.50     40.00   1.000   1.000     319.863      27.566    0.753     0.769    2.303      ✗
    301.10     40.00   1.000   1.000     319.251      27.566    0.754     0.770    2.307      ✗
    300.70     40.00   1.000   1.000     318.639      27.566    0.756     0.771    2.311      ✗
    300.30     40.00   1.000   1.000     318.026      27.566    0.757     0.773    2.315      ✗
    299.90     50.00   1.000   1.000     162.516      14.114    1.447     1.477    4.529      ✓
    299.50     50.00   1.000   1.000     162.203      14.114    1.450     1.480    4.537      ✓
    299.10     50.00   1.000   1.000     161.889      14.114    1.453     1.483    4.545      ✓
    298.70     50.00   1.000   1.000     161.576      14.114    1.456     1.486    4.553      ✓
    298.30     50.00   1.000   1.000     161.262      14.114    1.458     1.488    4.562      ✓
    297.90     50.00   1.000   1.000     160.949      14.114    1.461     1.491    4.570      ✓
    297.50     50.00   1.000   1.000     160.635      14.114    1.464     1.494    4.578      ✓
    297.10     50.00   1.000   1.000     160.322      14.114    1.467     1.497    4.586      ✓
    296.70     50.00   1.000   1.000     160.008      14.114    1.469     1.500    4.594      ✓
    296.30     50.00   1.000   1.000     159.695      14.114    1.472     1.503    4.603      ✓
    295.90     50.00   1.000   1.000     159.381      14.114    1.475     1.506    4.611      ✓
    295.50     50.00   1.000   1.000     159.068      14.114    1.478     1.509    4.619      ✓
    295.10     50.00   1.000   1.000     158.755      14.114    1.481     1.512    4.628      ✓
    294.69     50.00   1.000   1.000     158.441      14.114    1.484     1.515    4.636      ✓
    294.29     50.00   1.000   1.000     158.128      14.114    1.487     1.518    4.645      ✓
    293.89     50.00   1.000   1.000     157.814      14.114    1.489     1.521    4.653      ✓
    293.49     50.00   1.000   1.000     157.501      14.114    1.492     1.524    4.662      ✓
    293.09     50.00   1.000   1.000     157.187      14.114    1.495     1.527    4.670      ✓
    292.69     50.00   1.000   1.000     156.874      14.114    1.498     1.530    4.679      ✓
    292.29     50.00   1.000   1.000     156.560      14.114    1.501     1.533    4.687      ✓
    291.89     50.00   1.000   1.000     156.247      14.114    1.504     1.536    4.696      ✓
    291.49     50.00   1.000   1.000     155.933      14.114    1.507     1.539    4.705      ✓
    291.09     50.00   1.000   1.000     155.620      14.114    1.510     1.542    4.713      ✓
    290.69     50.00   1.000   1.000     155.306      14.114    1.513     1.545    4.722      ✓
    290.29     50.00   1.000   1.000     154.993      14.114    1.516     1.549    4.731      ✓
    289.89     50.00   1.000   1.000     154.680      14.114    1.519     1.552    4.740      ✓
    289.49     50.00   1.000   1.000     154.366      14.114    1.522     1.555    4.748      ✓
    289.09     50.00   1.000   1.000     154.053      14.114    1.525     1.558    4.757      ✓
    288.69     50.00   1.000   1.000     153.739      14.114    1.528     1.561    4.766      ✓
    288.29     50.00   1.000   1.000     153.426      14.114    1.531     1.564    4.775      ✓
    287.89     50.00   1.000   1.000     153.112      14.114    1.534     1.568    4.784      ✓
    287.49     50.00   1.000   1.000     152.799      14.114    1.537     1.571    4.793      ✓
    287.09     50.00   1.000   1.000     152.485      14.114    1.540     1.574    4.802      ✓
    286.69     50.00   1.000   1.000     152.172      14.114    1.543     1.577    4.811      ✓
    286.29     50.00   1.000   1.000     151.858      14.114    1.547     1.581    4.820      ✓
    285.89     50.00   1.000   1.000     151.545      14.114    1.550     1.584    4.829      ✓
    285.49     50.00   1.000   1.000     151.232      14.114    1.553     1.587    4.838      ✓
    285.09     50.00   1.000   1.000     150.918      14.114    1.556     1.590    4.848      ✓
    284.68     50.00   1.000   1.000     150.605      14.114    1.559     1.594    4.857      ✓
    284.28     50.00   1.000   1.000     150.291      14.114    1.562     1.597    4.866      ✓
    283.88     50.00   1.000   1.000     149.978      14.114    1.566     1.600    4.875      ✓
    283.48     50.00   1.000   1.000     149.664      14.114    1.569     1.604    4.885      ✓
    283.08     50.00   1.000   1.000     149.351      14.114    1.572     1.607    4.894      ✓
    282.68     50.00   1.000   1.000     149.037      14.114    1.575     1.610    4.903      ✓
    282.28     50.00   1.000   1.000     148.724      14.114    1.578     1.614    4.913      ✓
    281.88     50.00   1.000   1.000     148.410      14.114    1.582     1.617    4.922      ✓
    281.48     50.00   1.000   1.000     148.097      14.114    1.585     1.621    4.932      ✓
    281.08     50.00   1.000   1.000     147.783      14.114    1.588     1.624    4.941      ✓
    280.68     50.00   1.000   1.000     147.470      14.114    1.592     1.627    4.951      ✓
    280.28     50.00   1.000   1.000     147.157      14.114    1.595     1.631    4.961      ✓
    279.88     50.00   1.000   1.000     146.843      14.114    1.598     1.634    4.970      ✓
    279.48     50.00   1.000   1.000     146.530      14.114    1.602     1.638    4.980      ✓
    279.08     50.00   1.000   1.000     146.216      14.114    1.605     1.641    4.990      ✓
    278.68     50.00   1.000   1.000     145.903      14.114    1.608     1.645    4.999      ✓
    278.28     50.00   1.000   1.000     145.589      14.114    1.612     1.649    5.009      ✓
    277.88     50.00   1.000   1.000     145.276      14.114    1.615     1.652    5.019      ✓
    277.48     50.00   1.000   1.000     144.962      14.114    1.618     1.656    5.029      ✓
    277.08     50.00   1.000   1.000     144.649      14.114    1.622     1.659    5.039      ✓
    276.68     50.00   1.000   1.000     144.335      14.114    1.625     1.663    5.049      ✓
    276.28     50.00   1.000   1.000     144.022      14.114    1.629     1.666    5.059      ✓
    275.88     50.00   1.000   1.000     143.709      14.114    1.632     1.670    5.069      ✓
    275.48     50.00   1.000   1.000     143.395      14.114    1.636     1.674    5.079      ✓
    275.08     50.00   1.000   1.000     143.082      14.114    1.639     1.677    5.089      ✓
    274.67     50.00   1.000   1.000     142.768      14.114    1.643     1.681    5.099      ✓
    274.27     50.00   1.000   1.000     142.455      14.114    1.646     1.685    5.110      ✓
    273.87     50.00   1.000   1.000     142.141      14.114    1.650     1.688    5.120      ✓
    273.47     50.00   1.000   1.000     141.828      14.114    1.653     1.692    5.130      ✓
    273.07     50.00   1.000   1.000     141.514      14.114    1.657     1.696    5.140      ✓
    272.67     50.00   1.000   1.000     141.201      14.114    1.661     1.700    5.151      ✓
    272.27     50.00   1.000   1.000     140.887      14.114    1.664     1.703    5.161      ✓
    271.87     50.00   1.000   1.000     140.574      14.114    1.668     1.707    5.172      ✓
    271.47     50.00   1.000   1.000     140.260      14.114    1.671     1.711    5.182      ✓
    271.07     50.00   1.000   1.000     139.947      14.114    1.675     1.715    5.193      ✓
    270.67     50.00   1.000   1.000     139.634      14.114    1.679     1.719    5.203      ✓
    270.27     50.00   1.000   1.000     139.320      14.114    1.682     1.723    5.214      ✓
    269.87     50.00   1.000   1.000     139.007      14.114    1.686     1.726    5.225      ✓
    269.47     50.00   1.000   1.000     138.693      14.114    1.690     1.730    5.235      ✓
    269.07     50.00   1.000   1.000     138.380      14.114    1.694     1.734    5.246      ✓
    268.67     50.00   1.000   1.000     138.066      14.114    1.697     1.738    5.257      ✓
    268.27     50.00   1.000   1.000     137.753      14.114    1.701     1.742    5.268      ✓
    267.87     50.00   1.000   1.000     137.439      14.114    1.705     1.746    5.279      ✓
    267.47     50.00   1.000   1.000     137.126      14.114    1.709     1.750    5.290      ✓
    267.07     50.00   1.000   1.000     136.812      14.114    1.713     1.754    5.301      ✓
    266.67     50.00   1.000   1.000     136.499      14.114    1.716     1.758    5.312      ✓
    266.27     50.00   1.000   1.000     136.186      14.114    1.720     1.762    5.323      ✓
    265.87     50.00   1.000   1.000     135.872      14.114    1.724     1.766    5.334      ✓
    265.47     50.00   1.000   1.000     135.559      14.114    1.728     1.770    5.345      ✓
    265.07     50.00   1.000   1.000     135.245      14.114    1.732     1.774    5.356      ✓
    264.66     50.00   1.000   1.000     134.932      14.114    1.736     1.779    5.367      ✓
    264.26     50.00   1.000   1.000     134.618      14.114    1.740     1.783    5.379      ✓
    263.86     50.00   1.000   1.000     134.305      14.114    1.744     1.787    5.390      ✓
    263.46     50.00   1.000   1.000     133.991      14.114    1.748     1.791    5.402      ✓
    263.06     50.00   1.000   1.000     133.678      14.114    1.752     1.795    5.413      ✓
    262.66     50.00   1.000   1.000     133.364      14.114    1.756     1.799    5.425      ✓
    262.26     50.00   1.000   1.000     133.051      14.114    1.760     1.804    5.436      ✓
    261.86     50.00   1.000   1.000     132.737      14.114    1.764     1.808    5.448      ✓
    261.46     50.00   1.000   1.000     132.424      14.114    1.768     1.812    5.459      ✓
    261.06     50.00   1.000   1.000     132.111      14.114    1.772     1.817    5.471      ✓
    260.66     50.00   1.000   1.000     131.797      14.114    1.776     1.821    5.483      ✓
    260.26     50.00   1.000   1.000     131.484      14.114    1.780     1.825    5.495      ✓
    259.86     50.00   1.000   1.000     131.170      14.114    1.784     1.830    5.506      ✓
    259.46     50.00   1.000   1.000     130.857      14.114    1.789     1.834    5.518      ✓
    259.06     50.00   1.000   1.000     130.543      14.114    1.793     1.838    5.530      ✓
    258.66     50.00   1.000   1.000     130.230      14.114    1.797     1.843    5.542      ✓
    258.26     50.00   1.000   1.000     129.916      14.114    1.801     1.847    5.554      ✓
    257.86     50.00   1.000   1.000     129.603      14.114    1.805     1.852    5.566      ✓
    257.46     50.00   1.000   1.000     129.289      14.114    1.810     1.856    5.579      ✓
    257.06     50.00   1.000   1.000     128.976      14.114    1.814     1.861    5.591      ✓
    256.66     50.00   1.000   1.000     128.663      14.114    1.818     1.865    5.603      ✓
    256.26     50.00   1.000   1.000     128.349      14.114    1.823     1.870    5.615      ✓
    255.86     50.00   1.000   1.000     128.036      14.114    1.827     1.874    5.628      ✓
    255.46     50.00   1.000   1.000     127.722      14.114    1.831     1.879    5.640      ✓
    255.06     50.00   1.000   1.000     127.409      14.114    1.836     1.883    5.653      ✓
    254.65     50.00   1.000   1.000     127.095      14.114    1.840     1.888    5.665      ✓
    254.25     50.00   1.000   1.000     126.782      14.114    1.845     1.893    5.678      ✓
    253.85     50.00   1.000   1.000     126.468      14.114    1.849     1.897    5.691      ✓
    253.45     50.00   1.000   1.000     126.155      14.114    1.853     1.902    5.703      ✓
    253.05     50.00   1.000   1.000     125.841      14.114    1.858     1.907    5.716      ✓
    252.65     50.00   1.000   1.000     125.528      14.114    1.862     1.912    5.729      ✓
    252.25     50.00   1.000   1.000     125.214      14.114    1.867     1.916    5.742      ✓
    251.85     50.00   1.000   1.000     124.901      14.114    1.872     1.921    5.755      ✓
    251.45     50.00   1.000   1.000     124.588      14.114    1.876     1.926    5.768      ✓
    251.05     50.00   1.000   1.000     124.274      14.114    1.881     1.931    5.781      ✓
    250.65     50.00   1.000   1.000     123.961      14.114    1.885     1.936    5.794      ✓
    250.25     50.00   1.000   1.000     123.647      14.114    1.890     1.941    5.807      ✓
    249.85     50.00   1.000   1.000     123.334      14.114    1.895     1.946    5.820      ✓
    249.45     50.00   1.000   1.000     123.020      14.114    1.899     1.951    5.834      ✓
    249.05     50.00   1.000   1.000     122.707      14.114    1.904     1.956    5.847      ✓
    248.65     50.00   1.000   1.000     122.393      14.114    1.909     1.961    5.860      ✓
    248.25     50.00   1.000   1.000     122.080      14.114    1.914     1.966    5.874      ✓
    247.85     50.00   1.000   1.000     121.766      14.114    1.918     1.971    5.888      ✓
    247.45     50.00   1.000   1.000     121.453      14.114    1.923     1.976    5.901      ✓
    247.05     50.00   1.000   1.000     121.140      14.114    1.928     1.981    5.915      ✓
    246.65     50.00   1.000   1.000     120.826      14.114    1.933     1.986    5.929      ✓
    246.25     50.00   1.000   1.000     120.513      14.114    1.938     1.991    5.942      ✓
    245.85     50.00   1.000   1.000     120.199      14.114    1.943     1.996    5.956      ✓
    245.45     50.00   1.000   1.000     119.886      14.114    1.948     2.002    5.970      ✓
    245.05     50.00   1.000   1.000     119.572      14.114    1.953     2.007    5.984      ✓
    244.64     50.00   1.000   1.000     119.259      14.114    1.958     2.012    5.998      ✓
    244.24     50.00   1.000   1.000     118.945      14.114    1.963     2.017    6.012      ✓
    243.84     50.00   1.000   1.000     118.632      14.114    1.968     2.023    6.027      ✓
    243.44     50.00   1.000   1.000     118.318      14.114    1.973     2.028    6.041      ✓
    243.04     50.00   1.000   1.000     118.005      14.114    1.978     2.033    6.055      ✓
    242.64     50.00   1.000   1.000     117.691      14.114    1.983     2.039    6.070      ✓
    242.24     50.00   1.000   1.000     117.378      14.114    1.988     2.044    6.084      ✓
    241.84     50.00   1.000   1.000     117.065      14.114    1.993     2.050    6.099      ✓
    241.44     50.00   1.000   1.000     116.751      14.114    1.999     2.055    6.113      ✓
    241.04     50.00   1.000   1.000     116.438      14.114    2.004     2.061    6.128      ✓
    240.64     50.00   1.000   1.000     116.124      14.114    2.009     2.066    6.143      ✓
    240.24     50.00   1.000   1.000     115.811      14.114    2.014     2.072    6.157      ✓
    239.84     50.00   1.000   1.000     115.497      14.114    2.020     2.077    6.172      ✓
    239.44     50.00   1.000   1.000     115.184      14.114    2.025     2.083    6.187      ✓
    239.04     50.00   1.000   1.000     114.870      14.114    2.030     2.089    6.202      ✓
    238.64     50.00   1.000   1.000     114.557      14.114    2.036     2.095    6.217      ✓
    238.24     50.00   1.000   1.000     114.243      14.114    2.041     2.100    6.233      ✓
    237.84     50.00   1.000   1.000     113.930      14.114    2.047     2.106    6.248      ✓
    237.44     50.00   1.000   1.000     113.617      14.114    2.052     2.112    6.263      ✓
    237.04     50.00   1.000   1.000     113.303      14.114    2.058     2.118    6.279      ✓
    236.64     50.00   1.000   1.000     112.990      14.114    2.063     2.124    6.294      ✓
    236.24     50.00   1.000   1.000     112.676      14.114    2.069     2.129    6.310      ✓
    235.84     50.00   1.000   1.000     112.363      14.114    2.074     2.135    6.325      ✓
    235.44     50.00   1.000   1.000     112.049      14.114    2.080     2.141    6.341      ✓
    235.04     50.00   1.000   1.000     111.736      14.114    2.086     2.147    6.357      ✓
    234.63     50.00   1.000   1.000     111.422      14.114    2.091     2.153    6.373      ✓
    234.23     50.00   1.000   1.000     111.109      14.114    2.097     2.159    6.389      ✓
    233.83     50.00   1.000   1.000     110.795      14.114    2.103     2.166    6.405      ✓
    233.43     50.00   1.000   1.000     110.482      14.114    2.109     2.172    6.421      ✓
    233.03     50.00   1.000   1.000     110.169      14.114    2.114     2.178    6.437      ✓
    232.63     50.00   1.000   1.000     109.855      14.114    2.120     2.184    6.453      ✓
    232.23     50.00   1.000   1.000     109.542      14.114    2.126     2.190    6.470      ✓
    231.83     50.00   1.000   1.000     109.228      14.114    2.132     2.197    6.486      ✓
    231.43     50.00   1.000   1.000     108.915      14.114    2.138     2.203    6.503      ✓
    231.03     50.00   1.000   1.000     108.601      14.114    2.144     2.209    6.519      ✓
    230.63     50.00   1.000   1.000     108.288      14.114    2.150     2.216    6.536      ✓
    230.23     50.00   1.000   1.000     107.974      14.114    2.156     2.222    6.553      ✓
    229.83     50.00   1.000   1.000     107.661      14.114    2.162     2.228    6.570      ✓
    229.43     50.00   1.000   1.000     107.347      14.114    2.168     2.235    6.586      ✓
    229.03     50.00   1.000   1.000     107.034      14.114    2.174     2.242    6.603      ✓
    228.63     50.00   1.000   1.000     106.720      14.114    2.181     2.248    6.621      ✓
    228.23     50.00   1.000   1.000     106.407      14.114    2.187     2.255    6.638      ✓
    227.83     50.00   1.000   1.000     106.094      14.114    2.193     2.261    6.655      ✓
    227.43     50.00   1.000   1.000     105.780      14.114    2.199     2.268    6.673      ✓
    227.03     50.00   1.000   1.000     105.467      14.114    2.206     2.275    6.690      ✓
    226.63     50.00   1.000   1.000     105.153      14.114    2.212     2.282    6.708      ✓
    226.23     50.00   1.000   1.000     104.840      14.114    2.219     2.288    6.725      ✓
    225.83     50.00   1.000   1.000     104.526      14.114    2.225     2.295    6.743      ✓
    225.43     50.00   1.000   1.000     104.213      14.114    2.231     2.302    6.761      ✓
    225.03     50.00   1.000   1.000     103.899      14.114    2.238     2.309    6.779      ✓
    224.62     50.00   1.000   1.000     103.586      14.114    2.245     2.316    6.797      ✓
    224.22     50.00   1.000   1.000     103.272      14.114    2.251     2.323    6.815      ✓
    223.82     50.00   1.000   1.000     102.959      14.114    2.258     2.330    6.833      ✓
    223.42     50.00   1.000   1.000     102.646      14.114    2.264     2.337    6.852      ✓
    223.02     50.00   1.000   1.000     102.332      14.114    2.271     2.344    6.870      ✓
    222.62     50.00   1.000   1.000     102.019      14.114    2.278     2.352    6.889      ✓
    222.22     50.00   1.000   1.000     101.705      14.114    2.285     2.359    6.907      ✓
    221.82     50.00   1.000   1.000     101.392      14.114    2.292     2.366    6.926      ✓
    221.42     50.00   1.000   1.000     101.078      14.114    2.298     2.373    6.945      ✓
    221.02     50.00   1.000   1.000     100.765      14.114    2.305     2.381    6.964      ✓
    220.62     50.00   1.000   1.000     100.451      14.114    2.312     2.388    6.983      ✓
    220.22     50.00   1.000   1.000     100.138      14.114    2.319     2.396    7.002      ✓
    219.82     50.00   1.000   1.000      99.824      14.114    2.326     2.403    7.021      ✓
    219.42     50.00   1.000   1.000      99.511      14.114    2.333     2.411    7.041      ✓
    219.02     50.00   1.000   1.000      99.197      14.114    2.341     2.418    7.060      ✓
    218.62     50.00   1.000   1.000      98.884      14.114    2.348     2.426    7.080      ✓
    218.22     50.00   1.000   1.000      98.571      14.114    2.355     2.434    7.099      ✓
    217.82     50.00   1.000   1.000      98.257      14.114    2.362     2.441    7.119      ✓
    217.42     50.00   1.000   1.000      97.944      14.114    2.369     2.449    7.139      ✓
    217.02     50.00   1.000   1.000      97.630      14.114    2.377     2.457    7.159      ✓
    216.62     50.00   1.000   1.000      97.317      14.114    2.384     2.465    7.179      ✓
    216.22     50.00   1.000   1.000      97.003      14.114    2.392     2.473    7.200      ✓
    215.82     50.00   1.000   1.000      96.690      14.114    2.399     2.481    7.220      ✓
    215.42     50.00   1.000   1.000      96.376      14.114    2.407     2.489    7.240      ✓
    215.02     50.00   1.000   1.000      96.063      14.114    2.414     2.497    7.261      ✓
    214.61     50.00   1.000   1.000      95.749      14.114    2.422     2.505    7.282      ✓
    214.21     50.00   1.000   1.000      95.436      14.114    2.430     2.513    7.303      ✓
    213.81     50.00   1.000   1.000      95.123      14.114    2.437     2.522    7.324      ✓
    213.41     50.00   1.000   1.000      94.809      14.114    2.445     2.530    7.345      ✓
    213.01     50.00   1.000   1.000      94.496      14.114    2.453     2.538    7.366      ✓
    212.61     50.00   1.000   1.000      94.182      14.114    2.461     2.547    7.387      ✓
    212.21     50.00   1.000   1.000      93.869      14.114    2.469     2.555    7.409      ✓
    211.81     50.00   1.000   1.000      93.555      14.114    2.477     2.564    7.430      ✓
    211.41     50.00   1.000   1.000      93.242      14.114    2.485     2.572    7.452      ✓
    211.01     50.00   1.000   1.000      92.928      14.114    2.493     2.581    7.474      ✓
    210.61     50.00   1.000   1.000      92.615      14.114    2.501     2.590    7.496      ✓
    210.21     50.00   1.000   1.000      92.301      14.114    2.509     2.599    7.518      ✓
    209.81     50.00   1.000   1.000      91.988      14.114    2.517     2.607    7.540      ✓
    209.41     50.00   1.000   1.000      91.674      14.114    2.526     2.616    7.562      ✓
    209.01     50.00   1.000   1.000      91.361      14.114    2.534     2.625    7.585      ✓
    208.61     50.00   1.000   1.000      91.048      14.114    2.543     2.634    7.607      ✓
    208.21     50.00   1.000   1.000      90.734      14.114    2.551     2.643    7.630      ✓
    207.81     50.00   1.000   1.000      90.421      14.114    2.560     2.653    7.653      ✓
    207.41     50.00   1.000   1.000      90.107      14.114    2.568     2.662    7.676      ✓
    207.01     50.00   1.000   1.000      89.794      14.114    2.577     2.671    7.699      ✓
    206.61     50.00   1.000   1.000      89.480      14.114    2.585     2.680    7.722      ✓
    206.21     50.00   1.000   1.000      89.167      14.114    2.594     2.690    7.746      ✓
    205.81     50.00   1.000   1.000      88.853      14.114    2.603     2.699    7.769      ✓
    205.41     50.00   1.000   1.000      88.540      14.114    2.612     2.709    7.793      ✓
    205.01     50.00   1.000   1.000      88.226      14.114    2.621     2.718    7.817      ✓
    204.60     50.00   1.000   1.000      87.913      14.114    2.630     2.728    7.841      ✓
    204.20     50.00   1.000   1.000      87.600      14.114    2.639     2.738    7.865      ✓
    203.80     50.00   1.000   1.000      87.286      14.114    2.648     2.748    7.890      ✓
    203.40     50.00   1.000   1.000      86.973      14.114    2.657     2.757    7.914      ✓
    203.00     50.00   1.000   1.000      86.659      14.114    2.666     2.767    7.939      ✓
    202.60     50.00   1.000   1.000      86.346      14.114    2.676     2.777    7.963      ✓
    202.20     50.00   1.000   1.000      86.032      14.114    2.685     2.788    7.988      ✓
    201.80     50.00   1.000   1.000      85.719      14.114    2.695     2.798    8.013      ✓
    201.40     50.00   1.000   1.000      85.405      14.114    2.704     2.808    8.039      ✓
    201.00     50.00   1.000   1.000      85.092      14.114    2.714     2.818    8.064      ✓
    200.60     50.00   1.000   1.000      84.778      14.114    2.723     2.829    8.090      ✓
    200.20     50.00   1.000   1.000      84.465      14.114    2.733     2.839    8.115      ✓
    199.80     50.00   1.000   1.000      84.151      14.114    2.743     2.850    8.141      ✓
    199.40     50.00   1.000   1.000      83.838      14.114    2.753     2.860    8.167      ✓
    199.00     50.00   1.000   1.000      83.525      14.114    2.763     2.871    8.193      ✓
    198.60     50.00   1.000   1.000      83.211      14.114    2.773     2.882    8.220      ✓
    198.20     50.00   1.000   1.000      82.898      14.114    2.783     2.893    8.246      ✓
    197.80     50.00   1.000   1.000      82.584      14.114    2.793     2.904    8.273      ✓
    197.40     50.00   1.000   1.000      82.271      14.114    2.803     2.915    8.300      ✓
    197.00     50.00   1.000   1.000      81.957      14.114    2.813     2.926    8.327      ✓
    196.60     50.00   1.000   1.000      81.644      14.114    2.824     2.937    8.354      ✓
    196.20     50.00   1.000   1.000      81.330      14.114    2.834     2.948    8.382      ✓
    195.80     50.00   1.000   1.000      81.017      14.114    2.845     2.960    8.409      ✓
    195.40     50.00   1.000   1.000      80.703      14.114    2.855     2.971    8.437      ✓
    194.99     50.00   1.000   1.000      80.390      14.114    2.866     2.983    8.465      ✓
    194.59     50.00   1.000   1.000      80.077      14.114    2.877     2.994    8.493      ✓
    194.19     50.00   1.000   1.000      79.763      14.114    2.888     3.006    8.522      ✓
    193.79     50.00   1.000   1.000      79.450      14.114    2.898     3.018    8.550      ✓
    193.39     50.00   1.000   1.000      79.136      14.114    2.909     3.030    8.579      ✓
    192.99     50.00   1.000   1.000      78.823      14.114    2.921     3.042    8.608      ✓
    192.59     50.00   1.000   1.000      78.509      14.114    2.932     3.054    8.637      ✓
    192.19     50.00   1.000   1.000      78.196      14.114    2.943     3.066    8.666      ✓
    191.79     50.00   1.000   1.000      77.882      14.114    2.954     3.078    8.696      ✓
    191.39     50.00   1.000   1.000      77.569      14.114    2.966     3.091    8.726      ✓
    190.99     50.00   1.000   1.000      77.255      14.114    2.977     3.103    8.756      ✓
    190.59     50.00   1.000   1.000      76.942      14.114    2.989     3.116    8.786      ✓
    190.19     50.00   1.000   1.000      76.628      14.114    3.001     3.129    8.816      ✓
    189.79     50.00   1.000   1.000      76.315      14.114    3.012     3.141    8.847      ✓
    189.39     50.00   1.000   1.000      76.002      14.114    3.024     3.154    8.877      ✓
    188.99     50.00   1.000   1.000      75.688      14.114    3.036     3.167    8.908      ✓
    188.59     50.00   1.000   1.000      75.375      14.114    3.048     3.180    8.940      ✓
    188.19     50.00   1.000   1.000      75.061      14.114    3.061     3.194    8.971      ✓
    187.79     50.00   1.000   1.000      74.748      14.114    3.073     3.207    9.003      ✓
    187.39     50.00   1.000   1.000      74.434      14.114    3.085     3.221    9.035      ✓
    186.99     50.00   1.000   1.000      74.121      14.114    3.098     3.234    9.067      ✓
    186.59     50.00   1.000   1.000      73.807      14.114    3.110     3.248    9.099      ✓
    186.19     50.00   1.000   1.000      73.494      14.114    3.123     3.262    9.132      ✓
    185.79     50.00   1.000   1.000      73.180      14.114    3.136     3.276    9.164      ✓
    185.39     50.00   1.000   1.000      72.867      14.114    3.149     3.290    9.197      ✓
    184.98     50.00   1.000   1.000      72.554      14.114    3.162     3.304    9.231      ✓
    184.58     50.00   1.000   1.000      72.240      14.114    3.175     3.318    9.264      ✓
    184.18     50.00   1.000   1.000      71.927      14.114    3.188     3.332    9.298      ✓
    183.78     50.00   1.000   1.000      71.613      14.114    3.201     3.347    9.332      ✓
    183.38     50.00   1.000   1.000      71.300      14.114    3.215     3.362    9.366      ✓
    182.98     50.00   1.000   1.000      70.986      14.114    3.228     3.376    9.401      ✓
    182.58     50.00   1.000   1.000      70.673      14.114    3.242     3.391    9.435      ✓
    182.18     50.00   1.000   1.000      70.359      14.114    3.256     3.406    9.470      ✓
    181.78     50.00   1.000   1.000      70.046      14.114    3.270     3.422    9.506      ✓
    181.38     50.00   1.000   1.000      69.732      14.114    3.284     3.437    9.541      ✓
    180.98     50.00   1.000   1.000      69.419      14.114    3.298     3.452    9.577      ✓
    180.58     50.00   1.000   1.000      69.105      14.114    3.312     3.468    9.613      ✓
    180.18     50.00   1.000   1.000      68.792      14.114    3.326     3.484    9.649      ✓
    179.78     50.00   1.000   1.000      68.479      14.114    3.341     3.500    9.686      ✓
    179.38     50.00   1.000   1.000      68.165      14.114    3.356     3.516    9.723      ✓
    178.98     50.00   1.000   1.000      67.852      14.114    3.370     3.532    9.760      ✓
    178.58     50.00   1.000   1.000      67.538      14.114    3.385     3.548    9.798      ✓
    178.18     50.00   1.000   1.000      67.225      14.114    3.400     3.565    9.835      ✓
    177.78     50.00   1.000   1.000      66.911      14.114    3.415     3.581    9.873      ✓
    177.38     50.00   1.000   1.000      66.598      14.114    3.431     3.598    9.912      ✓
    176.98     50.00   1.000   1.000      66.284      14.114    3.446     3.615    9.950      ✓
    176.58     50.00   1.000   1.000      65.971      14.114    3.462     3.632    9.989      ✓
    176.18     50.00   1.000   1.000      65.657      14.114    3.477     3.649   10.029      ✓
    175.78     50.00   1.000   1.000      65.344      14.114    3.493     3.667   10.068      ✓
    175.38     50.00   1.000   1.000      65.031      14.114    3.509     3.684   10.108      ✓
    174.97     50.00   1.000   1.000      64.717      14.114    3.525     3.702   10.148      ✓
    174.57     50.00   1.000   1.000      64.404      14.114    3.542     3.720   10.189      ✓
    174.17     50.00   1.000   1.000      64.090      14.114    3.558     3.738   10.230      ✓
    173.77     50.00   1.000   1.000      63.777      14.114    3.575     3.757   10.271      ✓
    173.37     50.00   1.000   1.000      63.463      14.114    3.592     3.775   10.312      ✓
    172.97     50.00   1.000   1.000      63.150      14.114    3.609     3.794   10.354      ✓
    172.57     50.00   1.000   1.000      62.836      14.114    3.626     3.812   10.396      ✓
    172.17     50.00   1.000   1.000      62.523      14.114    3.643     3.832   10.439      ✓
    171.77     50.00   1.000   1.000      62.209      14.114    3.660     3.851   10.482      ✓
    171.37     50.00   1.000   1.000      61.896      14.114    3.678     3.870   10.525      ✓
    170.97     50.00   1.000   1.000      61.582      14.114    3.696     3.890   10.569      ✓
    170.57     50.00   1.000   1.000      61.269      14.114    3.713     3.910   10.612      ✓
    170.17     50.00   1.000   1.000      60.956      14.114    3.732     3.930   10.657      ✓
    169.77     50.00   1.000   1.000      60.642      14.114    3.750     3.950   10.701      ✓
    169.37     50.00   1.000   1.000      60.329      14.114    3.768     3.970   10.747      ✓
    168.97     50.00   1.000   1.000      60.015      14.114    3.787     3.991   10.792      ✓
    168.57     50.00   1.000   1.000      59.702      14.114    3.806     4.012   10.838      ✓
    168.17     50.00   1.000   1.000      59.388      14.114    3.825     4.033   10.884      ✓
    167.77     50.00   1.000   1.000      59.075      14.114    3.844     4.054   10.931      ✓
    167.37     50.00   1.000   1.000      58.761      14.114    3.863     4.076   10.978      ✓
    166.97     50.00   1.000   1.000      58.448      14.114    3.883     4.097   11.025      ✓
    166.57     50.00   1.000   1.000      58.134      14.114    3.903     4.119   11.073      ✓
    166.17     50.00   1.000   1.000      57.821      14.114    3.923     4.141   11.121      ✓
    165.77     50.00   1.000   1.000      57.508      14.114    3.943     4.164   11.170      ✓
    165.37     50.00   1.000   1.000      57.194      14.114    3.963     4.187   11.219      ✓
    164.96     50.00   1.000   1.000      56.881      14.114    3.984     4.210   11.268      ✓
    164.56     50.00   1.000   1.000      56.567      14.114    4.005     4.233   11.318      ✓
    164.16     50.00   1.000   1.000      56.254      14.114    4.026     4.256   11.369      ✓
    163.76     50.00   1.000   1.000      55.940      14.114    4.047     4.280   11.420      ✓
    163.36     50.00   1.000   1.000      55.627      14.114    4.069     4.304   11.471      ✓
    162.96     50.00   1.000   1.000      55.313      14.114    4.090     4.328   11.523      ✓
    162.56     50.00   1.000   1.000      55.000      14.114    4.112     4.353   11.575      ✓
    162.16     50.00   1.000   1.000      54.686      14.114    4.134     4.377   11.628      ✓
    161.76     50.00   1.000   1.000      54.373      14.114    4.157     4.403   11.681      ✓
    161.36     50.00   1.000   1.000      54.059      14.114    4.180     4.428   11.735      ✓
     99.70     40.00   1.000   1.000      58.632       0.000    4.194     4.194   13.644      ✓
    160.96     50.00   1.000   1.000      53.746      14.114    4.202     4.454   11.789      ✓
     99.30     40.00   1.000   1.000      58.397       0.000    4.211     4.211   13.699      ✓
    160.56     50.00   1.000   1.000      53.433      14.114    4.226     4.480   11.844      ✓
     98.90     40.00   1.000   1.000      58.161       0.000    4.228     4.228   13.755      ✓
     98.50     40.00   1.000   1.000      57.926       0.000    4.245     4.245   13.811      ✓
    160.16     50.00   1.000   1.000      53.119      14.114    4.249     4.506   11.899      ✓
     98.10     40.00   1.000   1.000      57.690       0.000    4.263     4.263   13.867      ✓
    159.76     50.00   1.000   1.000      52.806      14.114    4.273     4.532   11.955      ✓
     97.70     40.00   1.000   1.000      57.455       0.000    4.280     4.280   13.924      ✓
    159.36     50.00   1.000   1.000      52.492      14.114    4.297     4.559   12.011      ✓
     97.30     40.00   1.000   1.000      57.219       0.000    4.298     4.298   13.981      ✓
     96.90     40.00   1.000   1.000      56.984       0.000    4.315     4.315   14.039      ✓
    158.96     50.00   1.000   1.000      52.179      14.114    4.321     4.587   12.068      ✓
     96.50     40.00   1.000   1.000      56.748       0.000    4.333     4.333   14.097      ✓
    158.56     50.00   1.000   1.000      51.865      14.114    4.345     4.614   12.125      ✓
     96.10     40.00   1.000   1.000      56.513       0.000    4.351     4.351   14.156      ✓
     95.70     40.00   1.000   1.000      56.277       0.000    4.370     4.370   14.215      ✓
    158.16     50.00   1.000   1.000      51.552      14.114    4.370     4.642   12.183      ✓
     95.30     40.00   1.000   1.000      56.042       0.000    4.388     4.388   14.275      ✓
    157.76     50.00   1.000   1.000      51.238      14.114    4.395     4.670   12.241      ✓
     94.89     40.00   1.000   1.000      55.806       0.000    4.406     4.406   14.335      ✓
    157.36     50.00   1.000   1.000      50.925      14.114    4.421     4.699   12.300      ✓
     94.49     40.00   1.000   1.000      55.571       0.000    4.425     4.425   14.396      ✓
     94.09     40.00   1.000   1.000      55.336       0.000    4.444     4.444   14.457      ✓
    156.96     50.00   1.000   1.000      50.611      14.114    4.446     4.728   12.360      ✓
     93.69     40.00   1.000   1.000      55.100       0.000    4.463     4.463   14.519      ✓
    156.56     50.00   1.000   1.000      50.298      14.114    4.472     4.757   12.420      ✓
     93.29     40.00   1.000   1.000      54.865       0.000    4.482     4.482   14.581      ✓
    156.16     50.00   1.000   1.000      49.985      14.114    4.499     4.786   12.481      ✓
     92.89     40.00   1.000   1.000      54.629       0.000    4.501     4.501   14.644      ✓
     92.49     40.00   1.000   1.000      54.394       0.000    4.521     4.521   14.708      ✓
    155.76     50.00   1.000   1.000      49.671      14.114    4.525     4.816   12.542      ✓
     92.09     40.00   1.000   1.000      54.158       0.000    4.541     4.541   14.772      ✓
    155.36     50.00   1.000   1.000      49.358      14.114    4.552     4.847   12.604      ✓
     91.69     40.00   1.000   1.000      53.923       0.000    4.560     4.560   14.836      ✓
    154.95     50.00   1.000   1.000      49.044      14.114    4.579     4.878   12.667      ✓
     91.29     40.00   1.000   1.000      53.687       0.000    4.580     4.580   14.901      ✓
     90.89     40.00   1.000   1.000      53.452       0.000    4.601     4.601   14.967      ✓
    154.55     50.00   1.000   1.000      48.731      14.114    4.607     4.909   12.730      ✓
     90.49     40.00   1.000   1.000      53.216       0.000    4.621     4.621   15.033      ✓
    154.15     50.00   1.000   1.000      48.417      14.114    4.635     4.940   12.794      ✓
     90.09     40.00   1.000   1.000      52.981       0.000    4.641     4.641   15.100      ✓
     89.69     40.00   1.000   1.000      52.745       0.000    4.662     4.662   15.167      ✓
    153.75     50.00   1.000   1.000      48.104      14.114    4.663     4.972   12.858      ✓
     89.29     40.00   1.000   1.000      52.510       0.000    4.683     4.683   15.235      ✓
    153.35     50.00   1.000   1.000      47.790      14.114    4.691     5.005   12.923      ✓
     88.89     40.00   1.000   1.000      52.274       0.000    4.704     4.704   15.304      ✓
    152.95     50.00   1.000   1.000      47.477      14.114    4.720     5.037   12.989      ✓
     88.49     40.00   1.000   1.000      52.039       0.000    4.725     4.725   15.373      ✓
     88.09     40.00   1.000   1.000      51.803       0.000    4.747     4.747   15.443      ✓
    152.55     50.00   1.000   1.000      47.163      14.114    4.750     5.071   13.055      ✓
     87.69     40.00   1.000   1.000      51.568       0.000    4.769     4.769   15.513      ✓
    152.15     50.00   1.000   1.000      46.850      14.114    4.779     5.104   13.123      ✓
     87.29     40.00   1.000   1.000      51.333       0.000    4.790     4.790   15.585      ✓
    151.75     50.00   1.000   1.000      46.536      14.114    4.809     5.138   13.190      ✓
     86.89     40.00   1.000   1.000      51.097       0.000    4.813     4.813   15.656      ✓
     86.49     40.00   1.000   1.000      50.862       0.000    4.835     4.835   15.729      ✓
    151.35     50.00   1.000   1.000      46.223      14.114    4.840     5.173   13.259      ✓
     86.09     40.00   1.000   1.000      50.626       0.000    4.857     4.857   15.802      ✓
    150.95     50.00   1.000   1.000      45.910      14.114    4.870     5.208   13.328      ✓
     85.69     40.00   1.000   1.000      50.391       0.000    4.880     4.880   15.876      ✓
    150.55     50.00   1.000   1.000      45.596      14.114    4.902     5.243   13.398      ✓
     85.29     40.00   1.000   1.000      50.155       0.000    4.903     4.903   15.950      ✓
     84.88     40.00   1.000   1.000      49.920       0.000    4.926     4.926   16.026      ✓
    150.15     50.00   1.000   1.000      45.283      14.114    4.933     5.279   13.469      ✓
     84.48     40.00   1.000   1.000      49.684       0.000    4.949     4.949   16.102      ✓
     84.08     40.00   1.000   1.000      49.449       0.000    4.973     4.973   16.178      ✓
     83.68     40.00   1.000   1.000      49.213       0.000    4.997     4.997   16.256      ✓
     83.28     40.00   1.000   1.000      48.978       0.000    5.021     5.021   16.334      ✓
     82.88     40.00   1.000   1.000      48.742       0.000    5.045     5.045   16.413      ✓
     82.48     40.00   1.000   1.000      48.507       0.000    5.070     5.070   16.492      ✓
     82.08     40.00   1.000   1.000      48.271       0.000    5.094     5.094   16.573      ✓
     81.68     40.00   1.000   1.000      48.036       0.000    5.119     5.119   16.654      ✓
     81.28     40.00   1.000   1.000      47.800       0.000    5.144     5.144   16.736      ✓
     80.88     40.00   1.000   1.000      47.565       0.000    5.170     5.170   16.819      ✓
     80.48     40.00   1.000   1.000      47.330       0.000    5.196     5.196   16.903      ✓
     80.08     40.00   1.000   1.000      47.094       0.000    5.222     5.222   16.987      ✓
     79.68     40.00   1.000   1.000      46.859       0.000    5.248     5.248   17.073      ✓
     79.28     40.00   1.000   1.000      46.623       0.000    5.274     5.274   17.159      ✓
     78.88     40.00   1.000   1.000      46.388       0.000    5.301     5.301   17.246      ✓
    149.75     50.00   1.000   1.000      45.090       0.000    5.325     5.325   17.742      ✓
     78.48     40.00   1.000   1.000      46.152       0.000    5.328     5.328   17.334      ✓
    149.35     50.00   1.000   1.000      44.969       0.000    5.339     5.339   17.790      ✓
    148.95     50.00   1.000   1.000      44.849       0.000    5.354     5.354   17.838      ✓
     78.08     40.00   1.000   1.000      45.917       0.000    5.356     5.356   17.423      ✓
    148.55     50.00   1.000   1.000      44.728       0.000    5.368     5.368   17.886      ✓
    148.15     50.00   1.000   1.000      44.608       0.000    5.383     5.383   17.934      ✓
     77.68     40.00   1.000   1.000      45.681       0.000    5.383     5.383   17.513      ✓
    147.75     50.00   1.000   1.000      44.487       0.000    5.397     5.397   17.983      ✓
     77.28     40.00   1.000   1.000      45.446       0.000    5.411     5.411   17.603      ✓
    147.35     50.00   1.000   1.000      44.366       0.000    5.412     5.412   18.032      ✓
    146.95     50.00   1.000   1.000      44.246       0.000    5.427     5.427   18.081      ✓
     76.88     40.00   1.000   1.000      45.210       0.000    5.439     5.439   17.695      ✓
    146.55     50.00   1.000   1.000      44.125       0.000    5.441     5.441   18.130      ✓
    146.15     50.00   1.000   1.000      44.005       0.000    5.456     5.456   18.180      ✓
     76.48     40.00   1.000   1.000      44.975       0.000    5.468     5.468   17.788      ✓
    145.75     50.00   1.000   1.000      43.884       0.000    5.471     5.471   18.230      ✓
    145.35     50.00   1.000   1.000      43.764       0.000    5.486     5.486   18.280      ✓
     76.08     40.00   1.000   1.000      44.739       0.000    5.496     5.496   17.881      ✓
    144.94     50.00   1.000   1.000      43.643       0.000    5.502     5.502   18.331      ✓
    144.54     50.00   1.000   1.000      43.522       0.000    5.517     5.517   18.381      ✓
     75.68     40.00   1.000   1.000      44.504       0.000    5.526     5.526   17.976      ✓
    144.14     50.00   1.000   1.000      43.402       0.000    5.532     5.532   18.432      ✓
    143.74     50.00   1.000   1.000      43.281       0.000    5.548     5.548   18.484      ✓
     75.28     40.00   1.000   1.000      44.268       0.000    5.555     5.555   18.072      ✓
    143.34     50.00   1.000   1.000      43.161       0.000    5.563     5.563   18.535      ✓
    142.94     50.00   1.000   1.000      43.040       0.000    5.579     5.579   18.587      ✓
     74.87     40.00   1.000   1.000      44.033       0.000    5.585     5.585   18.168      ✓
    142.54     50.00   1.000   1.000      42.920       0.000    5.594     5.594   18.639      ✓
    142.14     50.00   1.000   1.000      42.799       0.000    5.610     5.610   18.692      ✓
     74.47     40.00   1.000   1.000      43.797       0.000    5.615     5.615   18.266      ✓
    141.74     50.00   1.000   1.000      42.679       0.000    5.626     5.626   18.745      ✓
    141.34     50.00   1.000   1.000      42.558       0.000    5.642     5.642   18.798      ✓
     74.07     40.00   1.000   1.000      43.562       0.000    5.645     5.645   18.365      ✓
    140.94     50.00   1.000   1.000      42.437       0.000    5.658     5.658   18.851      ✓
    140.54     50.00   1.000   1.000      42.317       0.000    5.674     5.674   18.905      ✓
     73.67     40.00   1.000   1.000      43.327       0.000    5.676     5.676   18.464      ✓
    140.14     50.00   1.000   1.000      42.196       0.000    5.690     5.690   18.959      ✓
    139.74     50.00   1.000   1.000      42.076       0.000    5.707     5.707   19.013      ✓
     73.27     40.00   1.000   1.000      43.091       0.000    5.707     5.707   18.565      ✓
    139.34     50.00   1.000   1.000      41.955       0.000    5.723     5.723   19.068      ✓
     72.87     40.00   1.000   1.000      42.856       0.000    5.738     5.738   18.667      ✓
    138.94     50.00   1.000   1.000      41.835       0.000    5.739     5.739   19.123      ✓
    138.54     50.00   1.000   1.000      41.714       0.000    5.756     5.756   19.178      ✓
     72.47     40.00   1.000   1.000      42.620       0.000    5.770     5.770   18.770      ✓
    138.14     50.00   1.000   1.000      41.593       0.000    5.773     5.773   19.234      ✓
    137.74     50.00   1.000   1.000      41.473       0.000    5.789     5.789   19.290      ✓
     72.07     40.00   1.000   1.000      42.385       0.000    5.802     5.802   18.875      ✓
    137.34     50.00   1.000   1.000      41.352       0.000    5.806     5.806   19.346      ✓
    136.94     50.00   1.000   1.000      41.232       0.000    5.823     5.823   19.402      ✓
     71.67     40.00   1.000   1.000      42.149       0.000    5.834     5.834   18.980      ✓
    136.54     50.00   1.000   1.000      41.111       0.000    5.840     5.840   19.459      ✓
    136.14     50.00   1.000   1.000      40.991       0.000    5.858     5.858   19.517      ✓
     71.27     40.00   1.000   1.000      41.914       0.000    5.867     5.867   19.087      ✓
    135.74     50.00   1.000   1.000      40.870       0.000    5.875     5.875   19.574      ✓
    135.34     50.00   1.000   1.000      40.750       0.000    5.892     5.892   19.632      ✓
     70.87     40.00   1.000   1.000      41.678       0.000    5.900     5.900   19.195      ✓
    134.93     50.00   1.000   1.000      40.629       0.000    5.910     5.910   19.690      ✓
    134.53     50.00   1.000   1.000      40.508       0.000    5.927     5.927   19.749      ✓
     70.47     40.00   1.000   1.000      41.443       0.000    5.934     5.934   19.304      ✓
    134.13     50.00   1.000   1.000      40.388       0.000    5.945     5.945   19.808      ✓
    133.73     50.00   1.000   1.000      40.267       0.000    5.963     5.963   19.867      ✓
     70.07     40.00   1.000   1.000      41.207       0.000    5.968     5.968   19.414      ✓
    133.33     50.00   1.000   1.000      40.147       0.000    5.981     5.981   19.927      ✓
    132.93     50.00   1.000   1.000      40.026       0.000    5.999     5.999   19.987      ✓
     69.67     40.00   1.000   1.000      40.972       0.000    6.002     6.002   19.526      ✓
    132.53     50.00   1.000   1.000      39.906       0.000    6.017     6.017   20.047      ✓
    132.13     50.00   1.000   1.000      39.785       0.000    6.035     6.035   20.108      ✓
     69.27     40.00   1.000   1.000      40.736       0.000    6.037     6.037   19.638      ✓
    131.73     50.00   1.000   1.000      39.665       0.000    6.053     6.053   20.169      ✓
     68.87     40.00   1.000   1.000      40.501       0.000    6.072     6.072   19.753      ✓
    131.33     50.00   1.000   1.000      39.544       0.000    6.072     6.072   20.231      ✓
    130.93     50.00   1.000   1.000      39.423       0.000    6.090     6.090   20.293      ✓
     68.47     40.00   1.000   1.000      40.265       0.000    6.107     6.107   19.868      ✓
    130.53     50.00   1.000   1.000      39.303       0.000    6.109     6.109   20.355      ✓
    130.13     50.00   1.000   1.000      39.182       0.000    6.128     6.128   20.417      ✓
     68.07     40.00   1.000   1.000      40.030       0.000    6.143     6.143   19.985      ✓
    129.73     50.00   1.000   1.000      39.062       0.000    6.147     6.147   20.480      ✓
    129.33     50.00   1.000   1.000      38.941       0.000    6.166     6.166   20.544      ✓
     67.67     40.00   1.000   1.000      39.794       0.000    6.179     6.179   20.103      ✓
    128.93     50.00   1.000   1.000      38.821       0.000    6.185     6.185   20.608      ✓
    128.53     50.00   1.000   1.000      38.700       0.000    6.204     6.204   20.672      ✓
     67.27     40.00   1.000   1.000      39.559       0.000    6.216     6.216   20.223      ✓
    128.13     50.00   1.000   1.000      38.579       0.000    6.224     6.224   20.736      ✓
    127.73     50.00   1.000   1.000      38.459       0.000    6.243     6.243   20.801      ✓
     66.87     40.00   1.000   1.000      39.324       0.000    6.253     6.253   20.344      ✓
    127.33     50.00   1.000   1.000      38.338       0.000    6.263     6.263   20.867      ✓
    126.93     50.00   1.000   1.000      38.218       0.000    6.283     6.283   20.933      ✓
     66.47     40.00   1.000   1.000      39.088       0.000    6.291     6.291   20.467      ✓
    126.53     50.00   1.000   1.000      38.097       0.000    6.302     6.302   20.999      ✓
    126.13     50.00   1.000   1.000      37.977       0.000    6.322     6.322   21.066      ✓
     66.07     40.00   1.000   1.000      38.853       0.000    6.329     6.329   20.591      ✓
    125.73     50.00   1.000   1.000      37.856       0.000    6.343     6.343   21.133      ✓
    125.33     50.00   1.000   1.000      37.736       0.000    6.363     6.363   21.200      ✓
     65.67     40.00   1.000   1.000      38.617       0.000    6.368     6.368   20.716      ✓
    124.92     50.00   1.000   1.000      37.615       0.000    6.383     6.383   21.268      ✓
    124.52     50.00   1.000   1.000      37.494       0.000    6.404     6.404   21.337      ✓
     65.27     40.00   1.000   1.000      38.382       0.000    6.407     6.407   20.843      ✓
    124.12     50.00   1.000   1.000      37.374       0.000    6.424     6.424   21.405      ✓
    123.72     50.00   1.000   1.000      37.253       0.000    6.445     6.445   21.475      ✓
     64.86     40.00   1.000   1.000      38.146       0.000    6.446     6.446   20.972      ✓
    123.32     50.00   1.000   1.000      37.133       0.000    6.466     6.466   21.544      ✓
     64.46     40.00   1.000   1.000      37.911       0.000    6.486     6.486   21.102      ✓
    122.92     50.00   1.000   1.000      37.012       0.000    6.487     6.487   21.615      ✓
    122.52     50.00   1.000   1.000      36.892       0.000    6.508     6.508   21.685      ✓
     64.06     40.00   1.000   1.000      37.675       0.000    6.527     6.527   21.234      ✓
    122.12     50.00   1.000   1.000      36.771       0.000    6.530     6.530   21.756      ✓
    121.72     50.00   1.000   1.000      36.650       0.000    6.551     6.551   21.828      ✓
     63.66     40.00   1.000   1.000      37.440       0.000    6.568     6.568   21.368      ✓
    121.32     50.00   1.000   1.000      36.530       0.000    6.573     6.573   21.900      ✓
    120.92     50.00   1.000   1.000      36.409       0.000    6.595     6.595   21.972      ✓
     63.26     40.00   1.000   1.000      37.204       0.000    6.610     6.610   21.503      ✓
    120.52     50.00   1.000   1.000      36.289       0.000    6.617     6.617   22.045      ✓
    120.12     50.00   1.000   1.000      36.168       0.000    6.639     6.639   22.119      ✓
     62.86     40.00   1.000   1.000      36.969       0.000    6.652     6.652   21.640      ✓
    119.72     50.00   1.000   1.000      36.048       0.000    6.661     6.661   22.193      ✓
    119.32     50.00   1.000   1.000      35.927       0.000    6.683     6.683   22.267      ✓
     62.46     40.00   1.000   1.000      36.733       0.000    6.694     6.694   21.779      ✓
    118.92     50.00   1.000   1.000      35.807       0.000    6.706     6.706   22.342      ✓
    118.52     50.00   1.000   1.000      35.686       0.000    6.728     6.728   22.418      ✓
     62.06     40.00   1.000   1.000      36.498       0.000    6.738     6.738   21.919      ✓
    118.12     50.00   1.000   1.000      35.565       0.000    6.751     6.751   22.494      ✓
    117.72     50.00   1.000   1.000      35.445       0.000    6.774     6.774   22.570      ✓
     61.66     40.00   1.000   1.000      36.262       0.000    6.781     6.781   22.061      ✓
    117.32     50.00   1.000   1.000      35.324       0.000    6.797     6.797   22.647      ✓
    116.92     50.00   1.000   1.000      35.204       0.000    6.820     6.820   22.725      ✓
     61.26     40.00   1.000   1.000      36.027       0.000    6.826     6.826   22.206      ✓
    116.52     50.00   1.000   1.000      35.083       0.000    6.844     6.844   22.803      ✓
    116.12     50.00   1.000   1.000      34.963       0.000    6.867     6.867   22.882      ✓
     60.86     40.00   1.000   1.000      35.792       0.000    6.871     6.871   22.352      ✓
    115.72     50.00   1.000   1.000      34.842       0.000    6.891     6.891   22.961      ✓
    115.32     50.00   1.000   1.000      34.722       0.000    6.915     6.915   23.040      ✓
     60.46     40.00   1.000   1.000      35.556       0.000    6.916     6.916   22.500      ✓
    114.91     50.00   1.000   1.000      34.601       0.000    6.939     6.939   23.121      ✓
     60.06     40.00   1.000   1.000      35.321       0.000    6.962     6.962   22.650      ✓
    114.51     50.00   1.000   1.000      34.480       0.000    6.964     6.964   23.202      ✓
    114.11     50.00   1.000   1.000      34.360       0.000    6.988     6.988   23.283      ✓
     59.66     40.00   1.000   1.000      35.085       0.000    7.009     7.009   22.802      ✓
    113.71     50.00   1.000   1.000      34.239       0.000    7.013     7.013   23.365      ✓
    113.31     50.00   1.000   1.000      34.119       0.000    7.037     7.037   23.448      ✓
     59.26     40.00   1.000   1.000      34.850       0.000    7.056     7.056   22.956      ✓
    112.91     50.00   1.000   1.000      33.998       0.000    7.062     7.062   23.531      ✓
    112.51     50.00   1.000   1.000      33.878       0.000    7.087     7.087   23.614      ✓
     58.86     40.00   1.000   1.000      34.614       0.000    7.104     7.104   23.112      ✓
    112.11     50.00   1.000   1.000      33.757       0.000    7.113     7.113   23.699      ✓
    111.71     50.00   1.000   1.000      33.636       0.000    7.138     7.138   23.784      ✓
     58.46     40.00   1.000   1.000      34.379       0.000    7.153     7.153   23.270      ✓
    111.31     50.00   1.000   1.000      33.516       0.000    7.164     7.164   23.869      ✓
    110.91     50.00   1.000   1.000      33.395       0.000    7.190     7.190   23.955      ✓
     58.06     40.00   1.000   1.000      34.143       0.000    7.202     7.202   23.431      ✓
    110.51     50.00   1.000   1.000      33.275       0.000    7.216     7.216   24.042      ✓
    110.11     50.00   1.000   1.000      33.154       0.000    7.242     7.242   24.130      ✓
     57.66     40.00   1.000   1.000      33.908       0.000    7.252     7.252   23.593      ✓
    109.71     50.00   1.000   1.000      33.034       0.000    7.269     7.269   24.218      ✓
    109.31     50.00   1.000   1.000      32.913       0.000    7.295     7.295   24.306      ✓
     57.26     40.00   1.000   1.000      33.672       0.000    7.303     7.303   23.758      ✓
    108.91     50.00   1.000   1.000      32.793       0.000    7.322     7.322   24.396      ✓
    108.51     50.00   1.000   1.000      32.672       0.000    7.349     7.349   24.486      ✓
     56.86     40.00   1.000   1.000      33.437       0.000    7.354     7.354   23.926      ✓
    108.11     50.00   1.000   1.000      32.551       0.000    7.376     7.376   24.576      ✓
    107.71     50.00   1.000   1.000      32.431       0.000    7.404     7.404   24.668      ✓
     56.46     40.00   1.000   1.000      33.201       0.000    7.407     7.407   24.095      ✓
    107.31     50.00   1.000   1.000      32.310       0.000    7.431     7.431   24.760      ✓
    106.91     50.00   1.000   1.000      32.190       0.000    7.459     7.459   24.853      ✓
     56.06     40.00   1.000   1.000      32.966       0.000    7.459     7.459   24.268      ✓
    106.51     50.00   1.000   1.000      32.069       0.000    7.487     7.487   24.946      ✓
     55.66     40.00   1.000   1.000      32.730       0.000    7.513     7.513   24.442      ✓
    106.11     50.00   1.000   1.000      31.949       0.000    7.515     7.515   25.040      ✓
    105.71     50.00   1.000   1.000      31.828       0.000    7.544     7.544   25.135      ✓
     55.26     40.00   1.000   1.000      32.495       0.000    7.568     7.568   24.619      ✓
    105.31     50.00   1.000   1.000      31.708       0.000    7.573     7.573   25.231      ✓
    104.90     50.00   1.000   1.000      31.587       0.000    7.601     7.601   25.327      ✓
     54.85     40.00   1.000   1.000      32.259       0.000    7.623     7.623   24.799      ✓
    104.50     50.00   1.000   1.000      31.466       0.000    7.631     7.631   25.424      ✓
    104.10     50.00   1.000   1.000      31.346       0.000    7.660     7.660   25.522      ✓
     54.45     40.00   1.000   1.000      32.024       0.000    7.679     7.679   24.981      ✓
    103.70     50.00   1.000   1.000      31.225       0.000    7.689     7.689   25.620      ✓
    103.30     50.00   1.000   1.000      31.105       0.000    7.719     7.719   25.720      ✓
     54.05     40.00   1.000   1.000      31.789       0.000    7.736     7.736   25.166      ✓
    102.90     50.00   1.000   1.000      30.984       0.000    7.749     7.749   25.820      ✓
    102.50     50.00   1.000   1.000      30.864       0.000    7.780     7.780   25.921      ✓
     53.65     40.00   1.000   1.000      31.553       0.000    7.793     7.793   25.354      ✓
    102.10     50.00   1.000   1.000      30.743       0.000    7.810     7.810   26.022      ✓
    101.70     50.00   1.000   1.000      30.622       0.000    7.841     7.841   26.125      ✓
     53.25     40.00   1.000   1.000      31.318       0.000    7.852     7.852   25.545      ✓
    101.30     50.00   1.000   1.000      30.502       0.000    7.872     7.872   26.228      ✓
    100.90     50.00   1.000   1.000      30.381       0.000    7.903     7.903   26.332      ✓
     52.85     40.00   1.000   1.000      31.082       0.000    7.912     7.912   25.738      ✓
    100.50     50.00   1.000   1.000      30.261       0.000    7.935     7.935   26.437      ✓
    100.10     50.00   1.000   1.000      30.140       0.000    7.966     7.966   26.543      ✓
     52.45     40.00   1.000   1.000      30.847       0.000    7.972     7.972   25.935      ✓
     52.05     40.00   1.000   1.000      30.611       0.000    8.033     8.033   26.134      ✓
     51.65     40.00   1.000   1.000      30.376       0.000    8.096     8.096   26.337      ✓
     51.25     40.00   1.000   1.000      30.140       0.000    8.159     8.159   26.543      ✓
     50.85     40.00   1.000   1.000      29.905       0.000    8.223     8.223   26.752      ✓
     50.45     40.00   1.000   1.000      29.669       0.000    8.288     8.288   26.964      ✓
     50.05     40.00   1.000   1.000      29.434       0.000    8.355     8.355   27.180      ✓
     49.65     40.00   1.000   1.000      29.198       0.000    8.422     8.422   27.399      ✓
     49.25     40.00   1.000   1.000      28.963       0.000    8.490     8.490   27.622      ✓
     48.85     40.00   1.000   1.000      28.727       0.000    8.560     8.560   27.848      ✓
     48.45     40.00   1.000   1.000      28.492       0.000    8.631     8.631   28.078      ✓
     48.05     40.00   1.000   1.000      28.256       0.000    8.703     8.703   28.312      ✓
     47.65     40.00   1.000   1.000      28.021       0.000    8.776     8.776   28.550      ✓
     47.25     40.00   1.000   1.000      27.786       0.000    8.850     8.850   28.792      ✓
     46.85     40.00   1.000   1.000      27.550       0.000    8.926     8.926   29.038      ✓
     46.45     40.00   1.000   1.000      27.315       0.000    9.003     9.003   29.288      ✓
     46.05     40.00   1.000   1.000      27.079       0.000    9.081     9.081   29.543      ✓
     45.65     40.00   1.000   1.000      26.844       0.000    9.161     9.161   29.802      ✓
     45.25     40.00   1.000   1.000      26.608       0.000    9.242     9.242   30.066      ✓
     44.84     40.00   1.000   1.000      26.373       0.000    9.324     9.324   30.334      ✓
     44.44     40.00   1.000   1.000      26.137       0.000    9.408     9.408   30.608      ✓
     44.04     40.00   1.000   1.000      25.902       0.000    9.494     9.494   30.886      ✓
     43.64     40.00   1.000   1.000      25.666       0.000    9.581     9.581   31.169      ✓
     43.24     40.00   1.000   1.000      25.431       0.000    9.670     9.670   31.458      ✓
     42.84     40.00   1.000   1.000      25.195       0.000    9.760     9.760   31.752      ✓
     42.44     40.00   1.000   1.000      24.960       0.000    9.852     9.852   32.051      ✓
     42.04     40.00   1.000   1.000      24.724       0.000    9.946     9.946   32.357      ✓
     41.64     40.00   1.000   1.000      24.489       0.000   10.042    10.042   32.668      ✓
     41.24     40.00   1.000   1.000      24.253       0.000   10.139    10.139   32.985      ✓
     40.84     40.00   1.000   1.000      24.018       0.000   10.238    10.238   33.308      ✓
     40.44     40.00   1.000   1.000      23.783       0.000   10.340    10.340   33.638      ✓
     40.04     40.00   1.000   1.000      23.547       0.000   10.443    10.443   33.975      ✓
     39.64     40.00   1.000   1.000      23.312       0.000   10.549    10.549   34.318      ✓
     39.24     40.00   1.000   1.000      23.076       0.000   10.656    10.656   34.668      ✓
     38.84     40.00   1.000   1.000      22.841       0.000   10.766    10.766   35.025      ✓
     38.44     40.00   1.000   1.000      22.605       0.000   10.878    10.878   35.390      ✓
     38.04     40.00   1.000   1.000      22.370       0.000   10.993    10.993   35.763      ✓
     37.64     40.00   1.000   1.000      22.134       0.000   11.110    11.110   36.143      ✓
     37.24     40.00   1.000   1.000      21.899       0.000   11.229    11.229   36.532      ✓
     36.84     40.00   1.000   1.000      21.663       0.000   11.351    11.351   36.929      ✓
     36.44     40.00   1.000   1.000      21.428       0.000   11.476    11.476   37.335      ✓
     36.04     40.00   1.000   1.000      21.192       0.000   11.604    11.604   37.749      ✓
     35.64     40.00   1.000   1.000      20.957       0.000   11.734    11.734   38.174      ✓
     35.24     40.00   1.000   1.000      20.721       0.000   11.867    11.867   38.607      ✓
     34.83     40.00   1.000   1.000      20.486       0.000   12.004    12.004   39.051      ✓
     34.43     40.00   1.000   1.000      20.250       0.000   12.143    12.143   39.505      ✓
     34.03     40.00   1.000   1.000      20.015       0.000   12.286    12.286   39.970      ✓
     33.63     40.00   1.000   1.000      19.780       0.000   12.432    12.432   40.446      ✓
     33.23     40.00   1.000   1.000      19.544       0.000   12.582    12.582   40.933      ✓
     32.83     40.00   1.000   1.000      19.309       0.000   12.736    12.736   41.432      ✓
     32.43     40.00   1.000   1.000      19.073       0.000   12.893    12.893   41.944      ✓
     32.03     40.00   1.000   1.000      18.838       0.000   13.054    13.054   42.468      ✓
     31.63     40.00   1.000   1.000      18.602       0.000   13.219    13.219   43.006      ✓
     31.23     40.00   1.000   1.000      18.367       0.000   13.389    13.389   43.557      ✓
     30.83     40.00   1.000   1.000      18.131       0.000   13.563    13.563   44.123      ✓
     30.43     40.00   1.000   1.000      17.896       0.000   13.741    13.741   44.703      ✓
     30.03     40.00   1.000   1.000      17.660       0.000   13.924    13.924   45.299      ✓
     29.63     40.00   1.000   1.000      17.425       0.000   14.113    14.113   45.912      ✓
     29.23     40.00   1.000   1.000      17.189       0.000   14.306    14.306   46.540      ✓
     28.83     40.00   1.000   1.000      16.954       0.000   14.505    14.505   47.187      ✓
     28.43     40.00   1.000   1.000      16.718       0.000   14.709    14.709   47.851      ✓
     28.03     40.00   1.000   1.000      16.483       0.000   14.919    14.919   48.535      ✓
     27.63     40.00   1.000   1.000      16.247       0.000   15.135    15.135   49.238      ✓
     27.23     40.00   1.000   1.000      16.012       0.000   15.358    15.358   49.963      ✓
     26.83     40.00   1.000   1.000      15.777       0.000   15.587    15.587   50.708      ✓
     26.43     40.00   1.000   1.000      15.541       0.000   15.823    15.823   51.477      ✓
     26.03     40.00   1.000   1.000      15.306       0.000   16.067    16.067   52.269      ✓
     25.63     40.00   1.000   1.000      15.070       0.000   16.318    16.318   53.085      ✓
     25.23     40.00   1.000   1.000      14.835       0.000   16.577    16.577   53.928      ✓
     24.82     40.00   1.000   1.000      14.599       0.000   16.844    16.844   54.798      ✓
     24.42     40.00   1.000   1.000      14.364       0.000   17.120    17.120   55.696      ✓
     24.02     40.00   1.000   1.000      14.128       0.000   17.405    17.405   56.624      ✓
     23.62     40.00   1.000   1.000      13.893       0.000   17.700    17.700   57.584      ✓
     23.22     40.00   1.000   1.000      13.657       0.000   18.006    18.006   58.577      ✓
     22.82     40.00   1.000   1.000      13.422       0.000   18.322    18.322   59.604      ✓
     22.42     40.00   1.000   1.000      13.186       0.000   18.649    18.649   60.669      ✓
     22.02     40.00   1.000   1.000      12.951       0.000   18.988    18.988   61.772      ✓
     21.62     40.00   1.000   1.000      12.715       0.000   19.339    19.339   62.916      ✓
     21.22     40.00   1.000   1.000      12.480       0.000   19.704    19.704   64.103      ✓
     20.82     40.00   1.000   1.000      12.244       0.000   20.083    20.083   65.336      ✓
     20.42     40.00   1.000   1.000      12.009       0.000   20.477    20.477   66.617      ✓
     20.02     40.00   1.000   1.000      11.774       0.000   20.887    20.887   67.949      ✓
     19.62     40.00   1.000   1.000      11.538       0.000   21.313    21.313   69.336      ✓
     19.22     40.00   1.000   1.000      11.303       0.000   21.757    21.757   70.780      ✓
     18.82     40.00   1.000   1.000      11.067       0.000   22.220    22.220   72.286      ✓
     18.42     40.00   1.000   1.000      10.832       0.000   22.703    22.703   73.858      ✓
     18.02     40.00   1.000   1.000      10.596       0.000   23.207    23.207   75.499      ✓
     17.62     40.00   1.000   1.000      10.361       0.000   23.735    23.735   77.215      ✓
     17.22     40.00   1.000   1.000      10.125       0.000   24.287    24.287   79.011      ✓
     16.82     40.00   1.000   1.000       9.890       0.000   24.865    24.865   80.892      ✓
     16.42     40.00   1.000   1.000       9.654       0.000   25.471    25.471   82.865      ✓
     16.02     40.00   1.000   1.000       9.419       0.000   26.108    26.108   84.936      ✓
     15.62     40.00   1.000   1.000       9.183       0.000   26.778    26.778   87.114      ✓
     15.22     40.00   1.000   1.000       8.948       0.000   27.482    27.482   89.407      ✓
     14.81     40.00   1.000   1.000       8.712       0.000   28.225    28.225   91.823      ✓
     14.41     40.00   1.000   1.000       8.477       0.000   29.009    29.009   94.374      ✓
     14.01     40.00   1.000   1.000       8.241       0.000   29.838    29.838   97.070      ✓
     13.61     40.00   1.000   1.000       8.006       0.000   30.715    30.715   99.925      ✓
     13.21     40.00   1.000   1.000       7.771       0.000   31.646    31.646  102.953      ✓
     12.81     40.00   1.000   1.000       7.535       0.000   32.635    32.635  106.170      ✓
     12.41     40.00   1.000   1.000       7.300       0.000   33.688    33.688  109.595      ✓
     12.01     40.00   1.000   1.000       7.064       0.000   34.811    34.811  113.248      ✓
     11.61     40.00   1.000   1.000       6.829       0.000   36.011    36.011  117.154      ✓
     11.21     40.00   1.000   1.000       6.593       0.000   37.297    37.297  121.338      ✓
     10.81     40.00   1.000   1.000       6.358       0.000   38.679    38.679  125.832      ✓
     10.41     40.00   1.000   1.000       6.122       0.000   40.166    40.166  130.671      ✓
     10.01     40.00   1.000   1.000       5.887       0.000   41.773    41.773  135.898      ✓
      9.61     40.00   1.000   1.000       5.651       0.000   43.514    43.514  141.561      ✓
      9.21     40.00   1.000   1.000       5.416       0.000   45.405    45.405  147.715      ✓
      8.81     40.00   1.000   1.000       5.180       0.000   47.469    47.469  154.430      ✓
      8.41     40.00   1.000   1.000       4.945       0.000   49.730    49.730  161.784      ✓
      8.01     40.00   1.000   1.000       4.709       0.000   52.216    52.216  169.873      ✓
      7.61     40.00   1.000   1.000       4.474       0.000   54.965    54.965  178.813      ✓
      7.21     40.00   1.000   1.000       4.238       0.000   58.018    58.018  188.747      ✓
      6.81     40.00   1.000   1.000       4.003       0.000   61.431    61.431  199.850      ✓
      6.41     40.00   1.000   1.000       3.768       0.000   65.270    65.270  212.341      ✓
      6.01     40.00   1.000   1.000       3.532       0.000   69.622    69.622  226.497      ✓
      5.61     40.00   1.000   1.000       3.297       0.000   74.595    74.595  242.675      ✓
      5.21     40.00   1.000   1.000       3.061       0.000   80.333    80.333  261.343      ✓
      4.80     40.00   1.000   1.000       2.826       0.000   87.027    87.027  283.121      ✓
      4.40     40.00   1.000   1.000       2.590       0.000   94.939    94.939  308.860      ✓
      4.00     40.00   1.000   1.000       2.355       0.000  104.433   104.433  339.745      ✓
      3.60     40.00   1.000   1.000       2.119       0.000  116.036   116.036  377.495      ✓
      3.20     40.00   1.000   1.000       1.884       0.000  130.541   130.541  424.682      ✓
      2.80     40.00   1.000   1.000       1.648       0.000  149.189   149.189  485.351      ✓
      2.40     40.00   1.000   1.000       1.413       0.000  174.054   174.054  566.242      ✓
      2.00     40.00   1.000   1.000       1.177       0.000  208.865   208.865  679.491      ✓
      1.60     40.00   1.000   1.000       0.942       0.000  261.081   261.081  849.364      ✓
      1.20     40.00   1.000   1.000       0.706       0.000  348.109   348.109  1132.485      ✓
      0.80     40.00   1.000   1.000       0.471       0.000  522.163   522.163  1698.727      ✓
      0.40     40.00   1.000   1.000       0.235       0.000  1044.326  1044.326  3397.455      ✓
      0.00     40.00   1.000   1.000       0.000       0.000        ∞         ∞        ∞      ✓

MOST CRITICAL SECTION
--------------------------------------------------------------------------------
  x                     : 400.00  [mm]
  diameter              : 40.00  [mm]
  Kt                    : 1.0000
  Kf                    : 1.0000
  Kts                   : 1.0000
  Kfs                   : 1.0000
  q (bending)           : 1.0000
  qs (torsion)          : 1.0000
  Ma                    : 2956049.37  [N·mm]
  Tm                    : 200000.00  [N·mm]
  Se'                   : 245.91  [MPa]
  ka                    : 0.7231
  kb                    : 0.8356
  ke                    : 0.8140
  sigma_a               : 470.470  [MPa]
  sigma_m               : 27.566  [MPa]
  nf_goodman            : 0.515
  nf_asme               : 0.523
  ny                    : 1.606
  Safe                  : ✗
  Langer OK             : ✓

================================================================================
STATUS : WARNING: 250 section(s) unsafe
================================================================================