================================================================================
AxisForge — Fatigue Stress Analysis — Shaft
================================================================================
Project  : demo_C14_H501
Element  : C14_shaft
Script   : full_pipeline.py
Date     : 2026-05-29 14:47:40
Solver   : StressSolver v1.0
Standard : Shigley 10th ed. §7-4
================================================================================

  Material      : 42CrMo4
  Surface finish: machined
  Reliability   : 99 %
  Sut           : 1000.0 MPa
  Sy            : 800.0 MPa

--------------------------------------------------------------------------------
    x [mm]    d [mm]      Kf     Kfs   σ_a [MPa]   σ_m [MPa]    nf_GM   nf_ASME       ny   Safe
  ----------------------------------------------------------------------------
    200.20     20.00   1.000   1.000     563.810     220.532    0.426     0.466    1.020      ✗
    200.60     20.00   1.000   1.000     562.303     220.532    0.427     0.467    1.022      ✗
    201.00     20.00   1.000   1.000     560.796     220.532    0.428     0.468    1.024      ✗
    201.40     20.00   1.000   1.000     559.289     220.532    0.429     0.470    1.026      ✗
    201.80     20.00   1.000   1.000     557.782     220.532    0.430     0.471    1.028      ✗
    202.20     20.00   1.000   1.000     556.275     220.532    0.431     0.472    1.030      ✗
    202.60     20.00   1.000   1.000     554.768     220.532    0.432     0.473    1.032      ✗
    203.00     20.00   1.000   1.000     553.261     220.532    0.433     0.475    1.034      ✗
    203.40     20.00   1.000   1.000     551.754     220.532    0.434     0.476    1.036      ✗
    203.80     20.00   1.000   1.000     550.247     220.532    0.435     0.477    1.038      ✗
    204.20     20.00   1.000   1.000     548.740     220.532    0.436     0.478    1.040      ✗
    204.60     20.00   1.000   1.000     547.233     220.532    0.437     0.480    1.042      ✗
    205.01     20.00   1.000   1.000     545.726     220.532    0.438     0.481    1.044      ✗
    205.41     20.00   1.000   1.000     544.219     220.532    0.439     0.482    1.046      ✗
    205.81     20.00   1.000   1.000     542.712     220.532    0.441     0.484    1.048      ✗
    206.21     20.00   1.000   1.000     541.205     220.532    0.442     0.485    1.050      ✗
    206.61     20.00   1.000   1.000     539.698     220.532    0.443     0.486    1.052      ✗
    207.01     20.00   1.000   1.000     538.191     220.532    0.444     0.488    1.054      ✗
    207.41     20.00   1.000   1.000     536.684     220.532    0.445     0.489    1.057      ✗
    207.81     20.00   1.000   1.000     535.177     220.532    0.446     0.490    1.059      ✗
    208.21     20.00   1.000   1.000     533.670     220.532    0.447     0.492    1.061      ✗
    208.61     20.00   1.000   1.000     532.163     220.532    0.448     0.493    1.063      ✗
    209.01     20.00   1.000   1.000     530.656     220.532    0.450     0.494    1.065      ✗
    209.41     20.00   1.000   1.000     529.149     220.532    0.451     0.496    1.067      ✗
    209.81     20.00   1.000   1.000     527.642     220.532    0.452     0.497    1.069      ✗
    210.21     20.00   1.000   1.000     526.135     220.532    0.453     0.499    1.071      ✗
    210.61     20.00   1.000   1.000     524.628     220.532    0.454     0.500    1.074      ✗
    211.01     20.00   1.000   1.000     523.121     220.532    0.455     0.501    1.076      ✗
    211.41     20.00   1.000   1.000     521.614     220.532    0.457     0.503    1.078      ✗
    211.81     20.00   1.000   1.000     520.107     220.532    0.458     0.504    1.080      ✗
    212.21     20.00   1.000   1.000     518.600     220.532    0.459     0.506    1.082      ✗
    212.61     20.00   1.000   1.000     517.093     220.532    0.460     0.507    1.085      ✗
    213.01     20.00   1.000   1.000     515.586     220.532    0.461     0.509    1.087      ✗
    213.41     20.00   1.000   1.000     514.079     220.532    0.463     0.510    1.089      ✗
    213.81     20.00   1.000   1.000     512.572     220.532    0.464     0.512    1.091      ✗
    214.21     20.00   1.000   1.000     511.065     220.532    0.465     0.513    1.093      ✗
    300.30     15.00   1.000   1.000     443.396     522.741    0.466     0.571    0.828      ✗
    214.61     20.00   1.000   1.000     509.558     220.532    0.466     0.514    1.096      ✗
    215.02     20.00   1.000   1.000     508.051     220.532    0.468     0.516    1.098      ✗
    215.42     20.00   1.000   1.000     506.544     220.532    0.469     0.517    1.100      ✗
    300.70     15.00   1.000   1.000     439.824     522.741    0.469     0.575    0.831      ✗
    199.80     20.00   1.000   1.000     563.810       0.000    0.470     0.470    1.419      ✗
    215.82     20.00   1.000   1.000     505.037     220.532    0.470     0.519    1.103      ✗
    199.40     20.00   1.000   1.000     562.303       0.000    0.471     0.471    1.423      ✗
    216.22     20.00   1.000   1.000     503.530     220.532    0.471     0.521    1.105      ✗
    301.10     15.00   1.000   1.000     436.252     522.741    0.472     0.579    0.834      ✗
    199.00     20.00   1.000   1.000     560.796       0.000    0.472     0.472    1.427      ✗
    216.62     20.00   1.000   1.000     502.023     220.532    0.473     0.522    1.107      ✗
    198.60     20.00   1.000   1.000     559.289       0.000    0.474     0.474    1.430      ✗
    217.02     20.00   1.000   1.000     500.516     220.532    0.474     0.524    1.109      ✗
    301.50     15.00   1.000   1.000     432.679     522.741    0.475     0.584    0.837      ✗
    198.20     20.00   1.000   1.000     557.782       0.000    0.475     0.475    1.434      ✗
    217.42     20.00   1.000   1.000     499.009     220.532    0.475     0.525    1.112      ✗
    197.80     20.00   1.000   1.000     556.275       0.000    0.476     0.476    1.438      ✗
    217.82     20.00   1.000   1.000     497.502     220.532    0.476     0.527    1.114      ✗
    197.40     20.00   1.000   1.000     554.768       0.000    0.477     0.477    1.442      ✗
    301.90     15.00   1.000   1.000     429.107     522.741    0.478     0.588    0.840      ✗
    218.22     20.00   1.000   1.000     495.995     220.532    0.478     0.528    1.116      ✗
    197.00     20.00   1.000   1.000     553.261       0.000    0.479     0.479    1.446      ✗
    218.62     20.00   1.000   1.000     494.488     220.532    0.479     0.530    1.119      ✗
    196.60     20.00   1.000   1.000     551.754       0.000    0.480     0.480    1.450      ✗
    219.02     20.00   1.000   1.000     492.981     220.532    0.480     0.531    1.121      ✗
    302.30     15.00   1.000   1.000     425.535     522.741    0.481     0.592    0.844      ✗
    196.20     20.00   1.000   1.000     550.247       0.000    0.481     0.481    1.454      ✗
    219.42     20.00   1.000   1.000     491.474     220.532    0.482     0.533    1.124      ✗
    195.80     20.00   1.000   1.000     548.740       0.000    0.483     0.483    1.458      ✗
    219.82     20.00   1.000   1.000     489.967     220.532    0.483     0.535    1.126      ✗
    302.70     15.00   1.000   1.000     421.963     522.741    0.484     0.596    0.847      ✗
    195.40     20.00   1.000   1.000     547.233       0.000    0.484     0.484    1.462      ✗
    220.22     20.00   1.000   1.000     488.460     220.532    0.484     0.536    1.128      ✗
    194.99     20.00   1.000   1.000     545.726       0.000    0.485     0.485    1.466      ✗
    220.62     20.00   1.000   1.000     486.953     220.532    0.486     0.538    1.131      ✗
    194.59     20.00   1.000   1.000     544.219       0.000    0.487     0.487    1.470      ✗
    303.10     15.00   1.000   1.000     418.391     522.741    0.487     0.600    0.850      ✗
    221.02     20.00   1.000   1.000     485.446     220.532    0.487     0.539    1.133      ✗
    194.19     20.00   1.000   1.000     542.712       0.000    0.488     0.488    1.474      ✗
    221.42     20.00   1.000   1.000     483.939     220.532    0.488     0.541    1.136      ✗
    193.79     20.00   1.000   1.000     541.205       0.000    0.489     0.489    1.478      ✗
    221.82     20.00   1.000   1.000     482.432     220.532    0.490     0.543    1.138      ✗
    303.50     15.00   1.000   1.000     414.819     522.741    0.490     0.605    0.853      ✗
    193.39     20.00   1.000   1.000     539.698       0.000    0.491     0.491    1.482      ✗
    222.22     20.00   1.000   1.000     480.925     220.532    0.491     0.544    1.140      ✗
    192.99     20.00   1.000   1.000     538.191       0.000    0.492     0.492    1.486      ✗
    222.62     20.00   1.000   1.000     479.418     220.532    0.492     0.546    1.143      ✗
    303.90     15.00   1.000   1.000     411.246     522.741    0.493     0.609    0.857      ✗
    192.59     20.00   1.000   1.000     536.684       0.000    0.493     0.493    1.491      ✗
    223.02     20.00   1.000   1.000     477.911     220.532    0.494     0.548    1.145      ✗
    192.19     20.00   1.000   1.000     535.177       0.000    0.495     0.495    1.495      ✗
    223.42     20.00   1.000   1.000     476.404     220.532    0.495     0.549    1.148      ✗
    304.30     15.00   1.000   1.000     407.674     522.741    0.496     0.614    0.860      ✗
    191.79     20.00   1.000   1.000     533.670       0.000    0.496     0.496    1.499      ✗
    223.82     20.00   1.000   1.000     474.897     220.532    0.497     0.551    1.150      ✗
    191.39     20.00   1.000   1.000     532.163       0.000    0.498     0.498    1.503      ✗
    224.22     20.00   1.000   1.000     473.390     220.532    0.498     0.553    1.153      ✗
    190.99     20.00   1.000   1.000     530.656       0.000    0.499     0.499    1.508      ✗
    304.70     15.00   1.000   1.000     404.102     522.741    0.499     0.618    0.863      ✗
    224.62     20.00   1.000   1.000     471.883     220.532    0.499     0.555    1.155      ✗
    190.59     20.00   1.000   1.000     529.149       0.000    0.501     0.501    1.512      ✗
    225.03     20.00   1.000   1.000     470.376     220.532    0.501     0.556    1.158      ✗
    190.19     20.00   1.000   1.000     527.642       0.000    0.502     0.502    1.516      ✗
    225.43     20.00   1.000   1.000     468.869     220.532    0.502     0.558    1.160      ✗
    305.11     15.00   1.000   1.000     400.530     522.741    0.503     0.623    0.866      ✗
    189.79     20.00   1.000   1.000     526.135       0.000    0.503     0.503    1.521      ✗
    225.83     20.00   1.000   1.000     467.362     220.532    0.504     0.560    1.163      ✗
    189.39     20.00   1.000   1.000     524.628       0.000    0.505     0.505    1.525      ✗
    226.23     20.00   1.000   1.000     465.855     220.532    0.505     0.562    1.166      ✗
    305.51     15.00   1.000   1.000     396.958     522.741    0.506     0.628    0.870      ✗
    188.99     20.00   1.000   1.000     523.121       0.000    0.506     0.506    1.529      ✗
    226.63     20.00   1.000   1.000     464.348     220.532    0.507     0.563    1.168      ✗
    188.59     20.00   1.000   1.000     521.614       0.000    0.508     0.508    1.534      ✗
    227.03     20.00   1.000   1.000     462.841     220.532    0.508     0.565    1.171      ✗
    188.19     20.00   1.000   1.000     520.107       0.000    0.509     0.509    1.538      ✗
    305.91     15.00   1.000   1.000     393.386     522.741    0.509     0.632    0.873      ✗
    227.43     20.00   1.000   1.000     461.334     220.532    0.510     0.567    1.173      ✗
    187.79     20.00   1.000   1.000     518.600       0.000    0.511     0.511    1.543      ✗
    227.83     20.00   1.000   1.000     459.827     220.532    0.511     0.569    1.176      ✗
    187.39     20.00   1.000   1.000     517.093       0.000    0.512     0.512    1.547      ✗
    228.23     20.00   1.000   1.000     458.320     220.532    0.513     0.571    1.178      ✗
    306.31     15.00   1.000   1.000     389.813     522.741    0.513     0.637    0.877      ✗
    186.99     20.00   1.000   1.000     515.586       0.000    0.514     0.514    1.552      ✗
    228.63     20.00   1.000   1.000     456.813     220.532    0.514     0.572    1.181      ✗
    186.59     20.00   1.000   1.000     514.079       0.000    0.515     0.515    1.556      ✗
    229.03     20.00   1.000   1.000     455.306     220.532    0.516     0.574    1.184      ✗
    306.71     15.00   1.000   1.000     386.241     522.741    0.516     0.642    0.880      ✗
    186.19     20.00   1.000   1.000     512.572       0.000    0.517     0.517    1.561      ✗
    229.43     20.00   1.000   1.000     453.799     220.532    0.517     0.576    1.186      ✗
    185.79     20.00   1.000   1.000     511.065       0.000    0.518     0.518    1.565      ✗
    229.83     20.00   1.000   1.000     452.292     220.532    0.519     0.578    1.189      ✗
    185.39     20.00   1.000   1.000     509.558       0.000    0.520     0.520    1.570      ✗
    307.11     15.00   1.000   1.000     382.669     522.741    0.520     0.647    0.884      ✗
    230.23     20.00   1.000   1.000     450.785     220.532    0.520     0.580    1.192      ✗
    184.98     20.00   1.000   1.000     508.051       0.000    0.521     0.521    1.575      ✗
    230.63     20.00   1.000   1.000     449.278     220.532    0.522     0.582    1.194      ✗
    184.58     20.00   1.000   1.000     506.544       0.000    0.523     0.523    1.579      ✗
    231.03     20.00   1.000   1.000     447.771     220.532    0.523     0.584    1.197      ✗
    307.51     15.00   1.000   1.000     379.097     522.741    0.523     0.652    0.887      ✗
    184.18     20.00   1.000   1.000     505.037       0.000    0.524     0.524    1.584      ✗
    231.43     20.00   1.000   1.000     446.264     220.532    0.525     0.586    1.200      ✗
    183.78     20.00   1.000   1.000     503.530       0.000    0.526     0.526    1.589      ✗
    231.83     20.00   1.000   1.000     444.757     220.532    0.526     0.588    1.202      ✗
    307.91     15.00   1.000   1.000     375.525     522.741    0.527     0.657    0.891      ✗
    183.38     20.00   1.000   1.000     502.023       0.000    0.528     0.528    1.594      ✗
    232.23     20.00   1.000   1.000     443.249     220.532    0.528     0.590    1.205      ✗
    182.98     20.00   1.000   1.000     500.516       0.000    0.529     0.529    1.598      ✗
    232.63     20.00   1.000   1.000     441.742     220.532    0.530     0.592    1.208      ✗
    308.31     15.00   1.000   1.000     371.953     522.741    0.531     0.662    0.894      ✗
    182.58     20.00   1.000   1.000     499.009       0.000    0.531     0.531    1.603      ✗
    233.03     20.00   1.000   1.000     440.235     220.532    0.531     0.593    1.211      ✗
    182.18     20.00   1.000   1.000     497.502       0.000    0.532     0.532    1.608      ✗
    233.43     20.00   1.000   1.000     438.728     220.532    0.533     0.595    1.213      ✗
    181.78     20.00   1.000   1.000     495.995       0.000    0.534     0.534    1.613      ✗
    308.71     15.00   1.000   1.000     368.380     522.741    0.534     0.667    0.898      ✗
    233.83     20.00   1.000   1.000     437.221     220.532    0.534     0.597    1.216      ✗
    181.38     20.00   1.000   1.000     494.488       0.000    0.536     0.536    1.618      ✗
    234.23     20.00   1.000   1.000     435.714     220.532    0.536     0.599    1.219      ✗
    180.98     20.00   1.000   1.000     492.981       0.000    0.537     0.537    1.623      ✗
    234.63     20.00   1.000   1.000     434.207     220.532    0.538     0.601    1.222      ✗
    309.11     15.00   1.000   1.000     364.808     522.741    0.538     0.673    0.901      ✗
    180.58     20.00   1.000   1.000     491.474       0.000    0.539     0.539    1.628      ✗
    235.04     20.00   1.000   1.000     432.700     220.532    0.539     0.604    1.225      ✗
    180.18     20.00   1.000   1.000     489.967       0.000    0.541     0.541    1.633      ✗
    235.44     20.00   1.000   1.000     431.193     220.532    0.541     0.606    1.228      ✗
    309.51     15.00   1.000   1.000     361.236     522.741    0.542     0.678    0.905      ✗
    179.78     20.00   1.000   1.000     488.460       0.000    0.542     0.542    1.638      ✗
    235.84     20.00   1.000   1.000     429.686     220.532    0.543     0.608    1.230      ✗
    179.38     20.00   1.000   1.000     486.953       0.000    0.544     0.544    1.643      ✗
    236.24     20.00   1.000   1.000     428.179     220.532    0.544     0.610    1.233      ✗
    178.98     20.00   1.000   1.000     485.446       0.000    0.546     0.546    1.648      ✗
    309.91     15.00   1.000   1.000     357.664     522.741    0.546     0.683    0.909      ✗
    236.64     20.00   1.000   1.000     426.672     220.532    0.546     0.612    1.236      ✗
    178.58     20.00   1.000   1.000     483.939       0.000    0.547     0.547    1.653      ✗
    237.04     20.00   1.000   1.000     425.165     220.532    0.548     0.614    1.239      ✗
    178.18     20.00   1.000   1.000     482.432       0.000    0.549     0.549    1.658      ✗
    237.44     20.00   1.000   1.000     423.658     220.532    0.549     0.616    1.242      ✗
    310.31     15.00   1.000   1.000     354.092     522.741    0.550     0.689    0.912      ✗
    177.78     20.00   1.000   1.000     480.925       0.000    0.551     0.551    1.663      ✗
    237.84     20.00   1.000   1.000     422.151     220.532    0.551     0.618    1.245      ✗
    177.38     20.00   1.000   1.000     479.418       0.000    0.552     0.552    1.669      ✗
    238.24     20.00   1.000   1.000     420.644     220.532    0.553     0.620    1.248      ✗
    310.71     15.00   1.000   1.000     350.520     522.741    0.554     0.694    0.916      ✗
    176.98     20.00   1.000   1.000     477.911       0.000    0.554     0.554    1.674      ✗
    238.64     20.00   1.000   1.000     419.137     220.532    0.555     0.622    1.251      ✗
    176.58     20.00   1.000   1.000     476.404       0.000    0.556     0.556    1.679      ✗
    239.04     20.00   1.000   1.000     417.630     220.532    0.556     0.625    1.254      ✗
    176.18     20.00   1.000   1.000     474.897       0.000    0.558     0.558    1.685      ✗
    311.11     15.00   1.000   1.000     346.947     522.741    0.558     0.700    0.920      ✗
    239.44     20.00   1.000   1.000     416.123     220.532    0.558     0.627    1.257      ✗
    175.78     20.00   1.000   1.000     473.390       0.000    0.559     0.559    1.690      ✗
    239.84     20.00   1.000   1.000     414.616     220.532    0.560     0.629    1.260      ✗
    175.38     20.00   1.000   1.000     471.883       0.000    0.561     0.561    1.695      ✗
    240.24     20.00   1.000   1.000     413.109     220.532    0.562     0.631    1.263      ✗
    311.51     15.00   1.000   1.000     343.375     522.741    0.562     0.706    0.924      ✗
    174.97     20.00   1.000   1.000     470.376       0.000    0.563     0.563    1.701      ✗
    240.64     20.00   1.000   1.000     411.602     220.532    0.563     0.634    1.266      ✗
    174.57     20.00   1.000   1.000     468.869       0.000    0.565     0.565    1.706      ✗
    241.04     20.00   1.000   1.000     410.095     220.532    0.565     0.636    1.269      ✗
    311.91     15.00   1.000   1.000     339.803     522.741    0.566     0.712    0.927      ✗
    174.17     20.00   1.000   1.000     467.362       0.000    0.567     0.567    1.712      ✗
    241.44     20.00   1.000   1.000     408.588     220.532    0.567     0.638    1.272      ✗
    173.77     20.00   1.000   1.000     465.855       0.000    0.569     0.569    1.717      ✗
    241.84     20.00   1.000   1.000     407.081     220.532    0.569     0.640    1.275      ✗
    312.31     15.00   1.000   1.000     336.231     522.741    0.570     0.717    0.931      ✗
    173.37     20.00   1.000   1.000     464.348       0.000    0.570     0.570    1.723      ✗
    242.24     20.00   1.000   1.000     405.574     220.532    0.571     0.643    1.278      ✗
    172.97     20.00   1.000   1.000     462.841       0.000    0.572     0.572    1.728      ✗
    242.64     20.00   1.000   1.000     404.067     220.532    0.573     0.645    1.281      ✗
    172.57     20.00   1.000   1.000     461.334       0.000    0.574     0.574    1.734      ✗
    312.71     15.00   1.000   1.000     332.659     522.741    0.574     0.723    0.935      ✗
    243.04     20.00   1.000   1.000     402.560     220.532    0.575     0.647    1.284      ✗
    172.17     20.00   1.000   1.000     459.827       0.000    0.576     0.576    1.740      ✗
    243.44     20.00   1.000   1.000     401.053     220.532    0.576     0.650    1.287      ✗
    171.77     20.00   1.000   1.000     458.320       0.000    0.578     0.578    1.746      ✗
    243.84     20.00   1.000   1.000     399.546     220.532    0.578     0.652    1.290      ✗
    313.11     15.00   1.000   1.000     329.086     522.741    0.579     0.730    0.939      ✗
    171.37     20.00   1.000   1.000     456.813       0.000    0.580     0.580    1.751      ✗
    244.24     20.00   1.000   1.000     398.039     220.532    0.580     0.654    1.293      ✗
    170.97     20.00   1.000   1.000     455.306       0.000    0.582     0.582    1.757      ✗
    244.64     20.00   1.000   1.000     396.532     220.532    0.582     0.657    1.296      ✗
    313.51     15.00   1.000   1.000     325.514     522.741    0.583     0.736    0.943      ✗
    170.57     20.00   1.000   1.000     453.799       0.000    0.584     0.584    1.763      ✗
    245.05     20.00   1.000   1.000     395.025     220.532    0.584     0.659    1.300      ✗
    170.17     20.00   1.000   1.000     452.292       0.000    0.586     0.586    1.769      ✗
    245.45     20.00   1.000   1.000     393.518     220.532    0.586     0.662    1.303      ✗
    169.77     20.00   1.000   1.000     450.785       0.000    0.588     0.588    1.775      ✗
    313.91     15.00   1.000   1.000     321.942     522.741    0.588     0.742    0.947      ✗
    245.85     20.00   1.000   1.000     392.011     220.532    0.588     0.664    1.306      ✗
    169.37     20.00   1.000   1.000     449.278       0.000    0.589     0.589    1.781      ✗
    246.25     20.00   1.000   1.000     390.504     220.532    0.590     0.667    1.309      ✗
    168.97     20.00   1.000   1.000     447.771       0.000    0.591     0.591    1.787      ✗
    246.65     20.00   1.000   1.000     388.997     220.532    0.592     0.669    1.312      ✗
    314.31     15.00   1.000   1.000     318.370     522.741    0.592     0.748    0.951      ✗
    168.57     20.00   1.000   1.000     446.264       0.000    0.593     0.593    1.793      ✗
    247.05     20.00   1.000   1.000     387.490     220.532    0.594     0.672    1.316      ✗
    168.17     20.00   1.000   1.000     444.757       0.000    0.595     0.595    1.799      ✗
    247.45     20.00   1.000   1.000     385.983     220.532    0.596     0.674    1.319      ✗
    314.71     15.00   1.000   1.000     314.798     522.741    0.597     0.755    0.955      ✗
    167.77     20.00   1.000   1.000     443.249       0.000    0.597     0.597    1.805      ✗
    247.85     20.00   1.000   1.000     384.476     220.532    0.598     0.677    1.322      ✗
    167.37     20.00   1.000   1.000     441.742       0.000    0.600     0.600    1.811      ✗
    248.25     20.00   1.000   1.000     382.969     220.532    0.600     0.679    1.326      ✗
    166.97     20.00   1.000   1.000     440.235       0.000    0.602     0.602    1.817      ✗
    315.12     15.00   1.000   1.000     311.226     522.741    0.602     0.761    0.959      ✗
    248.65     20.00   1.000   1.000     381.462     220.532    0.602     0.682    1.329      ✗
    166.57     20.00   1.000   1.000     438.728       0.000    0.604     0.604    1.823      ✗
    249.05     20.00   1.000   1.000     379.955     220.532    0.604     0.685    1.332      ✗
    166.17     20.00   1.000   1.000     437.221       0.000    0.606     0.606    1.830      ✗
    249.45     20.00   1.000   1.000     378.448     220.532    0.606     0.687    1.336      ✗
    315.52     15.00   1.000   1.000     307.653     522.741    0.606     0.768    0.963      ✗
    165.77     20.00   1.000   1.000     435.714       0.000    0.608     0.608    1.836      ✗
    249.85     20.00   1.000   1.000     376.941     220.532    0.608     0.690    1.339      ✗
    165.37     20.00   1.000   1.000     434.207       0.000    0.610     0.610    1.842      ✗
    250.25     20.00   1.000   1.000     375.434     220.532    0.610     0.692    1.342      ✗
    315.92     15.00   1.000   1.000     304.081     522.741    0.611     0.775    0.968      ✗
    164.96     20.00   1.000   1.000     432.700       0.000    0.612     0.612    1.849      ✗
    250.65     20.00   1.000   1.000     373.927     220.532    0.613     0.695    1.346      ✗
    164.56     20.00   1.000   1.000     431.193       0.000    0.614     0.614    1.855      ✗
    251.05     20.00   1.000   1.000     372.420     220.532    0.615     0.698    1.349      ✗
     99.70     15.00   1.000   1.000     443.396       0.000    0.616     0.616    1.804      ✗
    316.32     15.00   1.000   1.000     300.509     522.741    0.616     0.781    0.972      ✗
    164.16     20.00   1.000   1.000     429.686       0.000    0.616     0.616    1.862      ✗
    251.45     20.00   1.000   1.000     370.913     220.532    0.617     0.701    1.353      ✗
    163.76     20.00   1.000   1.000     428.179       0.000    0.619     0.619    1.868      ✗
    251.85     20.00   1.000   1.000     369.406     220.532    0.619     0.703    1.356      ✗
    163.36     20.00   1.000   1.000     426.672       0.000    0.621     0.621    1.875      ✗
     99.30     15.00   1.000   1.000     439.824       0.000    0.621     0.621    1.819      ✗
    316.72     15.00   1.000   1.000     296.937     522.741    0.621     0.788    0.976      ✗
    252.25     20.00   1.000   1.000     367.899     220.532    0.621     0.706    1.360      ✗
    162.96     20.00   1.000   1.000     425.165       0.000    0.623     0.623    1.882      ✗
    252.65     20.00   1.000   1.000     366.392     220.532    0.623     0.709    1.363      ✗
    162.56     20.00   1.000   1.000     423.658       0.000    0.625     0.625    1.888      ✗
    253.05     20.00   1.000   1.000     364.885     220.532    0.626     0.712    1.367      ✗
     98.90     15.00   1.000   1.000     436.252       0.000    0.626     0.626    1.834      ✗
    317.12     15.00   1.000   1.000     293.365     522.741    0.626     0.795    0.980      ✗
    162.16     20.00   1.000   1.000     422.151       0.000    0.627     0.627    1.895      ✗
    253.45     20.00   1.000   1.000     363.378     220.532    0.628     0.715    1.370      ✗
    161.76     20.00   1.000   1.000     420.644       0.000    0.630     0.630    1.902      ✗
    253.85     20.00   1.000   1.000     361.871     220.532    0.630     0.717    1.374      ✗
     98.50     15.00   1.000   1.000     432.679       0.000    0.631     0.631    1.849      ✗
    317.52     15.00   1.000   1.000     289.793     522.741    0.631     0.802    0.985      ✗
    161.36     20.00   1.000   1.000     419.137       0.000    0.632     0.632    1.909      ✗
    254.25     20.00   1.000   1.000     360.364     220.532    0.632     0.720    1.377      ✗
    160.96     20.00   1.000   1.000     417.630       0.000    0.634     0.634    1.916      ✗
    254.65     20.00   1.000   1.000     358.857     220.532    0.635     0.723    1.381      ✗
    160.56     20.00   1.000   1.000     416.123       0.000    0.636     0.636    1.923      ✗
     98.10     15.00   1.000   1.000     429.107       0.000    0.636     0.636    1.864      ✗
    317.92     15.00   1.000   1.000     286.220     522.741    0.637     0.810    0.989      ✗
    255.06     20.00   1.000   1.000     357.350     220.532    0.637     0.726    1.384      ✗
    160.16     20.00   1.000   1.000     414.616       0.000    0.639     0.639    1.929      ✗
    255.46     20.00   1.000   1.000     355.843     220.532    0.639     0.729    1.388      ✗
    159.76     20.00   1.000   1.000     413.109       0.000    0.641     0.641    1.937      ✗
    255.86     20.00   1.000   1.000     354.336     220.532    0.642     0.732    1.392      ✗
     97.70     15.00   1.000   1.000     425.535       0.000    0.642     0.642    1.880      ✗
    318.32     15.00   1.000   1.000     282.648     522.741    0.642     0.817    0.993      ✗
    159.36     20.00   1.000   1.000     411.602       0.000    0.643     0.643    1.944      ✗
    256.26     20.00   1.000   1.000     352.829     220.532    0.644     0.735    1.395      ✗
    158.96     20.00   1.000   1.000     410.095       0.000    0.646     0.646    1.951      ✗
    256.66     20.00   1.000   1.000     351.322     220.532    0.646     0.738    1.399      ✗
     97.30     15.00   1.000   1.000     421.963       0.000    0.647     0.647    1.896      ✗
    318.72     15.00   1.000   1.000     279.076     522.741    0.647     0.824    0.998      ✗
    158.56     20.00   1.000   1.000     408.588       0.000    0.648     0.648    1.958      ✗
    257.06     20.00   1.000   1.000     349.815     220.532    0.649     0.741    1.403      ✗
    158.16     20.00   1.000   1.000     407.081       0.000    0.651     0.651    1.965      ✗
    257.46     20.00   1.000   1.000     348.308     220.532    0.651     0.744    1.406      ✗
     96.90     15.00   1.000   1.000     418.391       0.000    0.653     0.653    1.912      ✗
    319.12     15.00   1.000   1.000     275.504     522.741    0.653     0.832    1.002      ✗
    157.76     20.00   1.000   1.000     405.574       0.000    0.653     0.653    1.973      ✗
    257.86     20.00   1.000   1.000     346.801     220.532    0.654     0.747    1.410      ✗
    157.36     20.00   1.000   1.000     404.067       0.000    0.655     0.655    1.980      ✗
    258.26     20.00   1.000   1.000     345.294     220.532    0.656     0.750    1.414      ✗
    156.96     20.00   1.000   1.000     402.560       0.000    0.658     0.658    1.987      ✗
     96.50     15.00   1.000   1.000     414.819       0.000    0.658     0.658    1.929      ✗
    258.66     20.00   1.000   1.000     343.787     220.532    0.658     0.754    1.418      ✗
    319.52     15.00   1.000   1.000     271.932     522.741    0.659     0.840    1.007      ✗
    156.56     20.00   1.000   1.000     401.053       0.000    0.660     0.660    1.995      ✗
    259.06     20.00   1.000   1.000     342.280     220.532    0.661     0.757    1.421      ✗
    156.16     20.00   1.000   1.000     399.546       0.000    0.663     0.663    2.002      ✗
    259.46     20.00   1.000   1.000     340.773     220.532    0.663     0.760    1.425      ✗
     96.10     15.00   1.000   1.000     411.246       0.000    0.664     0.664    1.945      ✗
    319.92     15.00   1.000   1.000     268.360     522.741    0.664     0.847    1.011      ✗
    155.76     20.00   1.000   1.000     398.039       0.000    0.665     0.665    2.010      ✗
    259.86     20.00   1.000   1.000     339.266     220.532    0.666     0.763    1.429      ✗
    155.36     20.00   1.000   1.000     396.532       0.000    0.668     0.668    2.017      ✗
    260.26     20.00   1.000   1.000     337.759     220.532    0.669     0.766    1.433      ✗
     95.70     15.00   1.000   1.000     407.674       0.000    0.670     0.670    1.962      ✗
    320.32     15.00   1.000   1.000     264.787     522.741    0.670     0.855    1.016      ✗
    154.95     20.00   1.000   1.000     395.025       0.000    0.670     0.670    2.025      ✗
    260.66     20.00   1.000   1.000     336.252     220.532    0.671     0.770    1.437      ✗
    154.55     20.00   1.000   1.000     393.518       0.000    0.673     0.673    2.033      ✗
    261.06     20.00   1.000   1.000     334.745     220.532    0.674     0.773    1.441      ✗
    154.15     20.00   1.000   1.000     392.011       0.000    0.676     0.676    2.041      ✗
     95.30     15.00   1.000   1.000     404.102       0.000    0.676     0.676    1.980      ✗
    320.72     15.00   1.000   1.000     261.215     522.741    0.676     0.863    1.020      ✗
    261.46     20.00   1.000   1.000     333.238     220.532    0.676     0.776    1.445      ✗
    153.75     20.00   1.000   1.000     390.504       0.000    0.678     0.678    2.049      ✗
    261.86     20.00   1.000   1.000     331.731     220.532    0.679     0.780    1.449      ✗
    153.35     20.00   1.000   1.000     388.997       0.000    0.681     0.681    2.057      ✗
    262.26     20.00   1.000   1.000     330.224     220.532    0.681     0.783    1.453      ✗
     94.89     15.00   1.000   1.000     400.530       0.000    0.682     0.682    1.997      ✗
    321.12     15.00   1.000   1.000     257.643     522.741    0.682     0.871    1.025      ✗
    152.95     20.00   1.000   1.000     387.490       0.000    0.683     0.683    2.065      ✗
    262.66     20.00   1.000   1.000     328.717     220.532    0.684     0.787    1.457      ✗
    152.55     20.00   1.000   1.000     385.983       0.000    0.686     0.686    2.073      ✗
    263.06     20.00   1.000   1.000     327.210     220.532    0.687     0.790    1.461      ✗
     94.49     15.00   1.000   1.000     396.958       0.000    0.688     0.688    2.015      ✗
    321.52     15.00   1.000   1.000     254.071     522.741    0.688     0.880    1.030      ✗
    152.15     20.00   1.000   1.000     384.476       0.000    0.689     0.689    2.081      ✗
    263.46     20.00   1.000   1.000     325.703     220.532    0.689     0.793    1.465      ✗
    151.75     20.00   1.000   1.000     382.969       0.000    0.692     0.692    2.089      ✗
    263.86     20.00   1.000   1.000     324.196     220.532    0.692     0.797    1.469      ✗
    151.35     20.00   1.000   1.000     381.462       0.000    0.694     0.694    2.097      ✗
     94.09     15.00   1.000   1.000     393.386       0.000    0.694     0.694    2.034      ✗
    321.92     15.00   1.000   1.000     250.499     522.741    0.694     0.888    1.035      ✗
    264.26     20.00   1.000   1.000     322.689     220.532    0.695     0.800    1.473      ✗
    150.95     20.00   1.000   1.000     379.955       0.000    0.697     0.697    2.106      ✗
    264.66     20.00   1.000   1.000     321.182     220.532    0.698     0.804    1.477      ✗
    150.55     20.00   1.000   1.000     378.448       0.000    0.700     0.700    2.114      ✗
    265.07     20.00   1.000   1.000     319.675     220.532    0.700     0.808    1.481      ✗
     93.69     15.00   1.000   1.000     389.813       0.000    0.701     0.701    2.052      ✗
    322.32     15.00   1.000   1.000     246.926     522.741    0.701     0.896    1.039      ✗
    150.15     20.00   1.000   1.000     376.941       0.000    0.703     0.703    2.122      ✗
    265.47     20.00   1.000   1.000     318.168     220.532    0.703     0.811    1.485      ✗
    149.75     20.00   1.000   1.000     375.434       0.000    0.705     0.705    2.131      ✗
    265.87     20.00   1.000   1.000     316.661     220.532    0.706     0.815    1.489      ✗
     93.29     15.00   1.000   1.000     386.241       0.000    0.707     0.707    2.071      ✗
    322.72     15.00   1.000   1.000     243.354     522.741    0.707     0.905    1.044      ✗
    149.35     20.00   1.000   1.000     373.927       0.000    0.708     0.708    2.139      ✗
    266.27     20.00   1.000   1.000     315.154     220.532    0.709     0.819    1.493      ✗
    148.95     20.00   1.000   1.000     372.420       0.000    0.711     0.711    2.148      ✗
    266.67     20.00   1.000   1.000     313.647     220.532    0.712     0.822    1.498      ✗
     92.89     15.00   1.000   1.000     382.669       0.000    0.714     0.714    2.091      ✗
    323.12     15.00   1.000   1.000     239.782     522.741    0.714     0.914    1.049      ✗
    148.55     20.00   1.000   1.000     370.913       0.000    0.714     0.714    2.157      ✗
    267.07     20.00   1.000   1.000     312.140     220.532    0.715     0.826    1.502      ✗
    148.15     20.00   1.000   1.000     369.406       0.000    0.717     0.717    2.166      ✗
    267.47     20.00   1.000   1.000     310.633     220.532    0.718     0.830    1.506      ✗
    147.75     20.00   1.000   1.000     367.899       0.000    0.720     0.720    2.175      ✗
     92.49     15.00   1.000   1.000     379.097       0.000    0.720     0.720    2.110      ✗
    267.87     20.00   1.000   1.000     309.126     220.532    0.721     0.834    1.510      ✗
    323.52     15.00   1.000   1.000     236.210     522.741    0.721     0.923    1.054      ✗
    147.35     20.00   1.000   1.000     366.392       0.000    0.723     0.723    2.183      ✗
    268.27     20.00   1.000   1.000     307.619     220.532    0.724     0.838    1.515      ✗
    146.95     20.00   1.000   1.000     364.885       0.000    0.726     0.726    2.192      ✗
    268.67     20.00   1.000   1.000     306.112     220.532    0.727     0.842    1.519      ✗
     92.09     15.00   1.000   1.000     375.525       0.000    0.727     0.727    2.130      ✗
    323.92     15.00   1.000   1.000     232.638     522.741    0.728     0.931    1.059      ✗
    146.55     20.00   1.000   1.000     363.378       0.000    0.729     0.729    2.202      ✗
    269.07     20.00   1.000   1.000     304.605     220.532    0.730     0.846    1.523      ✗
    146.15     20.00   1.000   1.000     361.871       0.000    0.732     0.732    2.211      ✗
    269.47     20.00   1.000   1.000     303.098     220.532    0.733     0.849    1.528      ✗
     91.69     15.00   1.000   1.000     371.953       0.000    0.734     0.734    2.151      ✗
    324.32     15.00   1.000   1.000     229.066     522.741    0.735     0.941    1.064      ✗
    145.75     20.00   1.000   1.000     360.364       0.000    0.735     0.735    2.220      ✗
    269.87     20.00   1.000   1.000     301.590     220.532    0.736     0.853    1.532      ✗
    145.35     20.00   1.000   1.000     358.857       0.000    0.738     0.738    2.229      ✗
    270.27     20.00   1.000   1.000     300.083     220.532    0.739     0.858    1.537      ✗
    144.94     20.00   1.000   1.000     357.350       0.000    0.741     0.741    2.239      ✗
     91.29     15.00   1.000   1.000     368.380       0.000    0.741     0.741    2.172      ✗
    324.72     15.00   1.000   1.000     225.493     522.741    0.742     0.950    1.069      ✗
    270.67     20.00   1.000   1.000     298.576     220.532    0.742     0.862    1.541      ✗
    144.54     20.00   1.000   1.000     355.843       0.000    0.744     0.744    2.248      ✗
    271.07     20.00   1.000   1.000     297.069     220.532    0.745     0.866    1.546      ✗
    144.14     20.00   1.000   1.000     354.336       0.000    0.747     0.747    2.258      ✗
    271.47     20.00   1.000   1.000     295.562     220.532    0.748     0.870    1.550      ✗
     90.89     15.00   1.000   1.000     364.808       0.000    0.749     0.749    2.193      ✗
    325.13     15.00   1.000   1.000     221.921     522.741    0.749     0.959    1.074      ✗
    143.74     20.00   1.000   1.000     352.829       0.000    0.751     0.751    2.267      ✗
    271.87     20.00   1.000   1.000     294.055     220.532    0.751     0.874    1.555      ✗
    143.34     20.00   1.000   1.000     351.322       0.000    0.754     0.754    2.277      ✗
    272.27     20.00   1.000   1.000     292.548     220.532    0.755     0.878    1.559      ✗
     90.49     15.00   1.000   1.000     361.236       0.000    0.756     0.756    2.215      ✗
    325.53     15.00   1.000   1.000     218.349     522.741    0.756     0.968    1.079      ✗
    142.94     20.00   1.000   1.000     349.815       0.000    0.757     0.757    2.287      ✗
    272.67     20.00   1.000   1.000     291.041     220.532    0.758     0.883    1.564      ✗
    142.54     20.00   1.000   1.000     348.308       0.000    0.760     0.760    2.297      ✗
    273.07     20.00   1.000   1.000     289.534     220.532    0.761     0.887    1.568      ✗
     90.09     15.00   1.000   1.000     357.664       0.000    0.764     0.764    2.237      ✗
    142.14     20.00   1.000   1.000     346.801       0.000    0.764     0.764    2.307      ✗
    325.93     15.00   1.000   1.000     214.777     522.741    0.764     0.978    1.085      ✗
    273.47     20.00   1.000   1.000     288.027     220.532    0.764     0.891    1.573      ✗
    141.74     20.00   1.000   1.000     345.294       0.000    0.767     0.767    2.317      ✗
    273.87     20.00   1.000   1.000     286.520     220.532    0.768     0.896    1.578      ✗
    141.34     20.00   1.000   1.000     343.787       0.000    0.770     0.770    2.327      ✗
    274.27     20.00   1.000   1.000     285.013     220.532    0.771     0.900    1.582      ✗
     89.69     15.00   1.000   1.000     354.092       0.000    0.771     0.771    2.259      ✗
    326.33     15.00   1.000   1.000     211.205     522.741    0.772     0.988    1.090      ✗
    140.94     20.00   1.000   1.000     342.280       0.000    0.774     0.774    2.337      ✗
    274.67     20.00   1.000   1.000     283.506     220.532    0.775     0.905    1.587      ✗
    140.54     20.00   1.000   1.000     340.773       0.000    0.777     0.777    2.348      ✗
    275.08     20.00   1.000   1.000     281.999     220.532    0.778     0.909    1.592      ✗
     89.29     15.00   1.000   1.000     350.520       0.000    0.779     0.779    2.282      ✗
    326.73     15.00   1.000   1.000     207.633     522.741    0.779     0.998    1.095      ✗
    140.14     20.00   1.000   1.000     339.266       0.000    0.781     0.781    2.358      ✗
    275.48     20.00   1.000   1.000     280.492     220.532    0.781     0.914    1.597      ✗
    139.74     20.00   1.000   1.000     337.759       0.000    0.784     0.784    2.369      ✗
    275.88     20.00   1.000   1.000     278.985     220.532    0.785     0.918    1.602      ✗
     88.89     15.00   1.000   1.000     346.947       0.000    0.787     0.787    2.306      ✗
    327.13     15.00   1.000   1.000     204.060     522.741    0.787     1.007    1.101      ✗
    139.34     20.00   1.000   1.000     336.252       0.000    0.788     0.788    2.379      ✗
    276.28     20.00   1.000   1.000     277.478     220.532    0.788     0.923    1.606      ✗
    138.94     20.00   1.000   1.000     334.745       0.000    0.791     0.791    2.390      ✗
    276.68     20.00   1.000   1.000     275.971     220.532    0.792     0.928    1.611      ✗
    138.54     20.00   1.000   1.000     333.238       0.000    0.795     0.795    2.401      ✗
     88.49     15.00   1.000   1.000     343.375       0.000    0.795     0.795    2.330      ✗
    277.08     20.00   1.000   1.000     274.464     220.532    0.796     0.933    1.616      ✗
    327.53     15.00   1.000   1.000     200.488     522.741    0.796     1.018    1.106      ✗
    138.14     20.00   1.000   1.000     331.731       0.000    0.798     0.798    2.412      ✗
    277.48     20.00   1.000   1.000     272.957     220.532    0.799     0.937    1.621      ✗
    137.74     20.00   1.000   1.000     330.224       0.000    0.802     0.802    2.423      ✗
    277.88     20.00   1.000   1.000     271.450     220.532    0.803     0.942    1.626      ✗
     88.09     15.00   1.000   1.000     339.803       0.000    0.804     0.804    2.354      ✗
    327.93     15.00   1.000   1.000     196.916     522.741    0.804     1.028    1.112      ✗
    137.34     20.00   1.000   1.000     328.717       0.000    0.806     0.806    2.434      ✗
    278.28     20.00   1.000   1.000     269.943     220.532    0.807     0.947    1.631      ✗
    136.94     20.00   1.000   1.000     327.210       0.000    0.809     0.809    2.445      ✗
    278.68     20.00   1.000   1.000     268.436     220.532    0.810     0.952    1.636      ✗
     87.69     15.00   1.000   1.000     336.231       0.000    0.812     0.812    2.379      ✗
    328.33     15.00   1.000   1.000     193.344     522.741    0.813     1.038    1.117      ✗
    136.54     20.00   1.000   1.000     325.703       0.000    0.813     0.813    2.456      ✗
    279.08     20.00   1.000   1.000     266.929     220.532    0.814     0.957    1.641      ✗
    136.14     20.00   1.000   1.000     324.196       0.000    0.817     0.817    2.468      ✗
    279.48     20.00   1.000   1.000     265.422     220.532    0.818     0.962    1.646      ✗
    135.74     20.00   1.000   1.000     322.689       0.000    0.821     0.821    2.479      ✗
     87.29     15.00   1.000   1.000     332.659       0.000    0.821     0.821    2.405      ✗
    328.73     15.00   1.000   1.000     189.772     522.741    0.821     1.048    1.123      ✗
    279.88     20.00   1.000   1.000     263.915     220.532    0.822     0.967    1.651      ✗
    135.34     20.00   1.000   1.000     321.182       0.000    0.825     0.825    2.491      ✗
    280.28     20.00   1.000   1.000     262.408     220.532    0.826     0.972    1.657      ✗
    134.93     20.00   1.000   1.000     319.675       0.000    0.828     0.828    2.503      ✗
    280.68     20.00   1.000   1.000     260.901     220.532    0.829     0.978    1.662      ✗
     86.89     15.00   1.000   1.000     329.086       0.000    0.830     0.830    2.431      ✗
    329.13     15.00   1.000   1.000     186.200     522.741    0.830     1.059    1.128      ✗
    134.53     20.00   1.000   1.000     318.168       0.000    0.832     0.832    2.514      ✗
    281.08     20.00   1.000   1.000     259.394     220.532    0.833     0.983    1.667      ✗
    134.13     20.00   1.000   1.000     316.661       0.000    0.836     0.836    2.526      ✗
    281.48     20.00   1.000   1.000     257.887     220.532    0.837     0.988    1.672      ✗
     86.49     15.00   1.000   1.000     325.514       0.000    0.839     0.839    2.458      ✗
    329.53     15.00   1.000   1.000     182.627     522.741    0.839     1.070    1.134      ✗
    133.73     20.00   1.000   1.000     315.154       0.000    0.840     0.840    2.538      ✗
    281.88     20.00   1.000   1.000     256.380     220.532    0.841     0.993    1.677      ✗
    133.33     20.00   1.000   1.000     313.647       0.000    0.844     0.844    2.551      ✗
    282.28     20.00   1.000   1.000     254.873     220.532    0.845     0.999    1.683      ✗
     86.09     15.00   1.000   1.000     321.942       0.000    0.848     0.848    2.485      ✗
    132.93     20.00   1.000   1.000     312.140       0.000    0.848     0.848    2.563      ✗
    329.93     15.00   1.000   1.000     179.055     522.741    0.849     1.080    1.140      ✗
    282.68     20.00   1.000   1.000     253.366     220.532    0.849     1.004    1.688      ✗
    132.53     20.00   1.000   1.000     310.633       0.000    0.853     0.853    2.575      ✗
    283.08     20.00   1.000   1.000     251.859     220.532    0.854     1.010    1.694      ✗
    132.13     20.00   1.000   1.000     309.126       0.000    0.857     0.857    2.588      ✗
    283.48     20.00   1.000   1.000     250.352     220.532    0.858     1.016    1.699      ✗
     85.69     15.00   1.000   1.000     318.370       0.000    0.858     0.858    2.513      ✗
    330.33     15.00   1.000   1.000     175.483     522.741    0.858     1.091    1.146      ✗
    131.73     20.00   1.000   1.000     307.619       0.000    0.861     0.861    2.601      ✗
    283.88     20.00   1.000   1.000     248.845     220.532    0.862     1.021    1.704      ✗
    131.33     20.00   1.000   1.000     306.112       0.000    0.865     0.865    2.613      ✗
    284.28     20.00   1.000   1.000     247.338     220.532    0.866     1.027    1.710      ✗
     85.29     15.00   1.000   1.000     314.798       0.000    0.868     0.868    2.541      ✗
    330.73     15.00   1.000   1.000     171.911     522.741    0.868     1.102    1.152      ✗
    130.93     20.00   1.000   1.000     304.605       0.000    0.869     0.869    2.626      ✗
    284.68     20.00   1.000   1.000     245.831     220.532    0.871     1.033    1.715      ✗
    130.53     20.00   1.000   1.000     303.098       0.000    0.874     0.874    2.639      ✗
    285.09     20.00   1.000   1.000     244.324     220.532    0.875     1.039    1.721      ✗
     84.88     15.00   1.000   1.000     311.226       0.000    0.878     0.878    2.570      ✗
    331.13     15.00   1.000   1.000     168.339     522.741    0.878     1.113    1.158      ✗
    130.13     20.00   1.000   1.000     301.590       0.000    0.878     0.878    2.653      ✗
    285.49     20.00   1.000   1.000     242.817     220.532    0.879     1.045    1.727      ✗
    129.73     20.00   1.000   1.000     300.083       0.000    0.883     0.883    2.666      ✗
    285.89     20.00   1.000   1.000     241.310     220.532    0.884     1.050    1.732      ✗
    129.33     20.00   1.000   1.000     298.576       0.000    0.887     0.887    2.679      ✗
     84.48     15.00   1.000   1.000     307.653       0.000    0.888     0.888    2.600      ✗
    331.53     15.00   1.000   1.000     164.766     522.741    0.888     1.124    1.164      ✗
    286.29     20.00   1.000   1.000     239.803     220.532    0.888     1.057    1.738      ✗
    128.93     20.00   1.000   1.000     297.069       0.000    0.892     0.892    2.693      ✗
    286.69     20.00   1.000   1.000     238.296     220.532    0.893     1.063    1.744      ✗
    128.53     20.00   1.000   1.000     295.562       0.000    0.896     0.896    2.707      ✗
    287.09     20.00   1.000   1.000     236.789     220.532    0.897     1.069    1.749      ✗
     84.08     15.00   1.000   1.000     304.081       0.000    0.898     0.898    2.631      ✗
    331.93     15.00   1.000   1.000     161.194     522.741    0.899     1.136    1.170      ✗
    128.13     20.00   1.000   1.000     294.055       0.000    0.901     0.901    2.721      ✗
    287.49     20.00   1.000   1.000     235.282     220.532    0.902     1.075    1.755      ✗
    127.73     20.00   1.000   1.000     292.548       0.000    0.905     0.905    2.735      ✗
    287.89     20.00   1.000   1.000     233.775     220.532    0.906     1.081    1.761      ✗
     83.68     15.00   1.000   1.000     300.509       0.000    0.909     0.909    2.662      ✗
    332.33     15.00   1.000   1.000     157.622     522.741    0.909     1.147    1.176      ✗
    127.33     20.00   1.000   1.000     291.041       0.000    0.910     0.910    2.749      ✗
    288.29     20.00   1.000   1.000     232.268     220.532    0.911     1.088    1.767      ✗
    126.93     20.00   1.000   1.000     289.534       0.000    0.915     0.915    2.763      ✗
    288.69     20.00   1.000   1.000     230.761     220.532    0.916     1.094    1.773      ✗
    126.53     20.00   1.000   1.000     288.027       0.000    0.919     0.919    2.778      ✗
     83.28     15.00   1.000   1.000     296.937       0.000    0.920     0.920    2.694      ✗
    332.73     15.00   1.000   1.000     154.050     522.741    0.920     1.158    1.182      ✗
    289.09     20.00   1.000   1.000     229.254     220.532    0.921     1.101    1.779      ✗
    126.13     20.00   1.000   1.000     286.520       0.000    0.924     0.924    2.792      ✗
    289.49     20.00   1.000   1.000     227.747     220.532    0.926     1.107    1.785      ✗
    125.73     20.00   1.000   1.000     285.013       0.000    0.929     0.929    2.807      ✗
    289.89     20.00   1.000   1.000     226.240     220.532    0.930     1.114    1.791      ✗
     82.88     15.00   1.000   1.000     293.365       0.000    0.931     0.931    2.727      ✗
    333.13     15.00   1.000   1.000     150.478     522.741    0.931     1.170    1.188      ✗
    125.33     20.00   1.000   1.000     283.506       0.000    0.934     0.934    2.822      ✗
    290.29     20.00   1.000   1.000     224.733     220.532    0.935     1.121    1.797      ✗
    124.92     20.00   1.000   1.000     281.999       0.000    0.939     0.939    2.837      ✗
    290.69     20.00   1.000   1.000     223.226     220.532    0.940     1.128    1.803      ✗
     82.48     15.00   1.000   1.000     289.793       0.000    0.942     0.942    2.761      ✗
    333.53     15.00   1.000   1.000     146.906     522.741    0.943     1.182    1.195      ✗
    124.52     20.00   1.000   1.000     280.492       0.000    0.944     0.944    2.852      ✗
    291.09     20.00   1.000   1.000     221.719     220.532    0.945     1.135    1.809      ✗
    124.12     20.00   1.000   1.000     278.985       0.000    0.949     0.949    2.868      ✗
    291.49     20.00   1.000   1.000     220.212     220.532    0.951     1.142    1.815      ✗
     82.08     15.00   1.000   1.000     286.220       0.000    0.954     0.954    2.795      ✗
    123.72     20.00   1.000   1.000     277.478       0.000    0.954     0.954    2.883      ✗
    333.93     15.00   1.000   1.000     143.333     522.741    0.955     1.193    1.201      ✗
    291.89     20.00   1.000   1.000     218.705     220.532    0.956     1.149    1.821      ✗
    123.32     20.00   1.000   1.000     275.971       0.000    0.960     0.960    2.899      ✗
    292.29     20.00   1.000   1.000     217.198     220.532    0.961     1.156    1.828      ✗
    122.92     20.00   1.000   1.000     274.464       0.000    0.965     0.965    2.915      ✗
    292.69     20.00   1.000   1.000     215.691     220.532    0.966     1.163    1.834      ✗
     81.68     15.00   1.000   1.000     282.648       0.000    0.966     0.966    2.830      ✗
    334.33     15.00   1.000   1.000     139.761     522.741    0.967     1.205    1.208      ✗
    122.52     20.00   1.000   1.000     272.957       0.000    0.970     0.970    2.931      ✗
    293.09     20.00   1.000   1.000     214.184     220.532    0.972     1.170    1.840      ✗
    122.12     20.00   1.000   1.000     271.450       0.000    0.976     0.976    2.947      ✗
    293.49     20.00   1.000   1.000     212.677     220.532    0.977     1.178    1.847      ✗
     81.28     15.00   1.000   1.000     279.076       0.000    0.979     0.979    2.867      ✗
    334.73     15.00   1.000   1.000     136.189     522.741    0.979     1.217    1.214      ✗
    121.72     20.00   1.000   1.000     269.943       0.000    0.981     0.981    2.964      ✗
    293.89     20.00   1.000   1.000     211.170     220.532    0.982     1.185    1.853      ✗
    121.32     20.00   1.000   1.000     268.436       0.000    0.987     0.987    2.980      ✗
    294.29     20.00   1.000   1.000     209.663     220.532    0.988     1.193    1.860      ✗
     80.88     15.00   1.000   1.000     275.504       0.000    0.991     0.991    2.904      ✗
    335.14     15.00   1.000   1.000     132.617     522.741    0.992     1.228    1.221      ✗
    120.92     20.00   1.000   1.000     266.929       0.000    0.992     0.992    2.997      ✗
    294.69     20.00   1.000   1.000     208.156     220.532    0.994     1.201    1.866      ✗
    120.52     20.00   1.000   1.000     265.422       0.000    0.998     0.998    3.014      ✗
    295.10     20.00   1.000   1.000     206.649     220.532    0.999     1.208    1.873      ✗
    120.12     20.00   1.000   1.000     263.915       0.000    1.004     1.004    3.031      ✓
     80.48     15.00   1.000   1.000     271.932       0.000    1.004     1.004    2.942      ✓
    335.54     15.00   1.000   1.000     129.045     522.741    1.005     1.240    1.227      ✓
    295.50     20.00   1.000   1.000     205.142     220.532    1.005     1.216    1.879      ✓
    119.72     20.00   1.000   1.000     262.408       0.000    1.009     1.009    3.049      ✓
    295.90     20.00   1.000   1.000     203.635     220.532    1.011     1.224    1.886      ✓
    119.32     20.00   1.000   1.000     260.901       0.000    1.015     1.015    3.066      ✓
    296.30     20.00   1.000   1.000     202.128     220.532    1.017     1.232    1.893      ✓
     80.08     15.00   1.000   1.000     268.360       0.000    1.018     1.018    2.981      ✓
    335.94     15.00   1.000   1.000     125.473     522.741    1.018     1.252    1.234      ✓
    118.92     20.00   1.000   1.000     259.394       0.000    1.021     1.021    3.084      ✓
    296.70     20.00   1.000   1.000     200.621     220.532    1.022     1.241    1.900      ✓
    118.52     20.00   1.000   1.000     257.887       0.000    1.027     1.027    3.102      ✓
    297.10     20.00   1.000   1.000     199.114     220.532    1.028     1.249    1.906      ✓
     79.68     15.00   1.000   1.000     264.787       0.000    1.031     1.031    3.021      ✓
    336.34     15.00   1.000   1.000     121.900     522.741    1.032     1.264    1.241      ✓
    118.12     20.00   1.000   1.000     256.380       0.000    1.033     1.033    3.120      ✓
    297.50     20.00   1.000   1.000     197.607     220.532    1.034     1.257    1.913      ✓
    117.72     20.00   1.000   1.000     254.873       0.000    1.039     1.039    3.139      ✓
    297.90     20.00   1.000   1.000     196.100     220.532    1.041     1.266    1.920      ✓
    117.32     20.00   1.000   1.000     253.366       0.000    1.045     1.045    3.157      ✓
     79.28     15.00   1.000   1.000     261.215       0.000    1.046     1.046    3.063      ✓
    336.74     15.00   1.000   1.000     118.328     522.741    1.046     1.275    1.248      ✓
    298.30     20.00   1.000   1.000     194.593     220.532    1.047     1.274    1.927      ✓
    116.92     20.00   1.000   1.000     251.859       0.000    1.052     1.052    3.176      ✓
    298.70     20.00   1.000   1.000     193.086     220.532    1.053     1.283    1.934      ✓
    116.52     20.00   1.000   1.000     250.352       0.000    1.058     1.058    3.195      ✓
    299.10     20.00   1.000   1.000     191.579     220.532    1.059     1.292    1.941      ✓
     78.88     15.00   1.000   1.000     257.643       0.000    1.060     1.060    3.105      ✓
    337.14     15.00   1.000   1.000     114.756     522.741    1.061     1.287    1.255      ✓
    116.12     20.00   1.000   1.000     248.845       0.000    1.064     1.064    3.215      ✓
    299.50     20.00   1.000   1.000     190.072     220.532    1.066     1.301    1.948      ✓
    115.72     20.00   1.000   1.000     247.338       0.000    1.071     1.071    3.234      ✓
    299.90     20.00   1.000   1.000     188.565     220.532    1.072     1.310    1.956      ✓
     78.48     15.00   1.000   1.000     254.071       0.000    1.075     1.075    3.149      ✓
    337.54     15.00   1.000   1.000     111.184     522.741    1.075     1.299    1.262      ✓
    115.32     20.00   1.000   1.000     245.831       0.000    1.077     1.077    3.254      ✓
    114.91     20.00   1.000   1.000     244.324       0.000    1.084     1.084    3.274      ✓
     78.08     15.00   1.000   1.000     250.499       0.000    1.090     1.090    3.194      ✓
    114.51     20.00   1.000   1.000     242.817       0.000    1.091     1.091    3.295      ✓
    337.94     15.00   1.000   1.000     107.612     522.741    1.091     1.311    1.269      ✓
    114.11     20.00   1.000   1.000     241.310       0.000    1.098     1.098    3.315      ✓
    113.71     20.00   1.000   1.000     239.803       0.000    1.104     1.104    3.336      ✓
     77.68     15.00   1.000   1.000     246.926       0.000    1.106     1.106    3.240      ✓
    338.34     15.00   1.000   1.000     104.040     522.741    1.107     1.322    1.276      ✓
    113.31     20.00   1.000   1.000     238.296       0.000    1.111     1.111    3.357      ✓
    112.91     20.00   1.000   1.000     236.789       0.000    1.118     1.118    3.379      ✓
     77.28     15.00   1.000   1.000     243.354       0.000    1.122     1.122    3.287      ✓
    338.74     15.00   1.000   1.000     100.467     522.741    1.123     1.334    1.284      ✓
    112.51     20.00   1.000   1.000     235.282       0.000    1.126     1.126    3.400      ✓
    112.11     20.00   1.000   1.000     233.775       0.000    1.133     1.133    3.422      ✓
     76.88     15.00   1.000   1.000     239.782       0.000    1.139     1.139    3.336      ✓
    339.14     15.00   1.000   1.000      96.895     522.741    1.140     1.345    1.291      ✓
    111.71     20.00   1.000   1.000     232.268       0.000    1.140     1.140    3.444      ✓
    111.31     20.00   1.000   1.000     230.761       0.000    1.148     1.148    3.467      ✓
    110.91     20.00   1.000   1.000     229.254       0.000    1.155     1.155    3.490      ✓
     76.48     15.00   1.000   1.000     236.210       0.000    1.156     1.156    3.387      ✓
    339.54     15.00   1.000   1.000      93.323     522.741    1.157     1.356    1.299      ✓
    110.51     20.00   1.000   1.000     227.747       0.000    1.163     1.163    3.513      ✓
    110.11     20.00   1.000   1.000     226.240       0.000    1.171     1.171    3.536      ✓
     76.08     15.00   1.000   1.000     232.638       0.000    1.174     1.174    3.439      ✓
    339.94     15.00   1.000   1.000      89.751     522.741    1.175     1.367    1.306      ✓
    109.71     20.00   1.000   1.000     224.733       0.000    1.178     1.178    3.560      ✓
    109.31     20.00   1.000   1.000     223.226       0.000    1.186     1.186    3.584      ✓
     75.68     15.00   1.000   1.000     229.066       0.000    1.192     1.192    3.492      ✓
    340.34     15.00   1.000   1.000      86.179     522.741    1.193     1.378    1.314      ✓
    108.91     20.00   1.000   1.000     221.719       0.000    1.194     1.194    3.608      ✓
    108.51     20.00   1.000   1.000     220.212       0.000    1.203     1.203    3.633      ✓
    108.11     20.00   1.000   1.000     218.705       0.000    1.211     1.211    3.658      ✓
     75.28     15.00   1.000   1.000     225.493       0.000    1.211     1.211    3.548      ✓
    340.74     15.00   1.000   1.000      82.607     522.741    1.212     1.389    1.322      ✓
    107.71     20.00   1.000   1.000     217.198       0.000    1.219     1.219    3.683      ✓
    107.31     20.00   1.000   1.000     215.691       0.000    1.228     1.228    3.709      ✓
     74.87     15.00   1.000   1.000     221.921       0.000    1.231     1.231    3.605      ✓
    341.14     15.00   1.000   1.000      79.034     522.741    1.231     1.399    1.329      ✓
    106.91     20.00   1.000   1.000     214.184       0.000    1.237     1.237    3.735      ✓
    106.51     20.00   1.000   1.000     212.677       0.000    1.245     1.245    3.762      ✓
     74.47     15.00   1.000   1.000     218.349       0.000    1.251     1.251    3.664      ✓
    341.54     15.00   1.000   1.000      75.462     522.741    1.252     1.410    1.337      ✓
    106.11     20.00   1.000   1.000     211.170       0.000    1.254     1.254    3.788      ✓
    105.71     20.00   1.000   1.000     209.663       0.000    1.263     1.263    3.816      ✓
     74.07     15.00   1.000   1.000     214.777       0.000    1.272     1.272    3.725      ✓
    105.31     20.00   1.000   1.000     208.156       0.000    1.272     1.272    3.843      ✓
    341.94     15.00   1.000   1.000      71.890     522.741    1.272     1.420    1.345      ✓
    104.90     20.00   1.000   1.000     206.649       0.000    1.282     1.282    3.871      ✓
    104.50     20.00   1.000   1.000     205.142       0.000    1.291     1.291    3.900      ✓
     73.67     15.00   1.000   1.000     211.205       0.000    1.293     1.293    3.788      ✓
    342.34     15.00   1.000   1.000      68.318     522.741    1.294     1.429    1.354      ✓
    104.10     20.00   1.000   1.000     203.635       0.000    1.301     1.301    3.929      ✓
    103.70     20.00   1.000   1.000     202.128       0.000    1.310     1.310    3.958      ✓
     73.27     15.00   1.000   1.000     207.633       0.000    1.315     1.315    3.853      ✓
    342.74     15.00   1.000   1.000      64.746     522.741    1.316     1.439    1.362      ✓
    103.30     20.00   1.000   1.000     200.621       0.000    1.320     1.320    3.988      ✓
    102.90     20.00   1.000   1.000     199.114       0.000    1.330     1.330    4.018      ✓
     72.87     15.00   1.000   1.000     204.060       0.000    1.338     1.338    3.920      ✓
    343.14     15.00   1.000   1.000      61.173     522.741    1.339     1.448    1.370      ✓
    102.50     20.00   1.000   1.000     197.607       0.000    1.340     1.340    4.048      ✓
    102.10     20.00   1.000   1.000     196.100       0.000    1.351     1.351    4.080      ✓
    101.70     20.00   1.000   1.000     194.593       0.000    1.361     1.361    4.111      ✓
     72.47     15.00   1.000   1.000     200.488       0.000    1.362     1.362    3.990      ✓
    343.54     15.00   1.000   1.000      57.601     522.741    1.363     1.456    1.378      ✓
    101.30     20.00   1.000   1.000     193.086       0.000    1.372     1.372    4.143      ✓
    100.90     20.00   1.000   1.000     191.579       0.000    1.382     1.382    4.176      ✓
     72.07     15.00   1.000   1.000     196.916       0.000    1.387     1.387    4.063      ✓
    343.94     15.00   1.000   1.000      54.029     522.741    1.388     1.465    1.387      ✓
    100.50     20.00   1.000   1.000     190.072       0.000    1.393     1.393    4.209      ✓
    100.10     20.00   1.000   1.000     188.565       0.000    1.405     1.405    4.243      ✓
     71.67     15.00   1.000   1.000     193.344       0.000    1.413     1.413    4.138      ✓
    344.34     15.00   1.000   1.000      50.457     522.741    1.413     1.473    1.396      ✓
     71.27     15.00   1.000   1.000     189.772       0.000    1.439     1.439    4.216      ✓
    344.74     15.00   1.000   1.000      46.885     522.741    1.440     1.480    1.404      ✓
     70.87     15.00   1.000   1.000     186.200       0.000    1.467     1.467    4.296      ✓
    345.15     15.00   1.000   1.000      43.313     522.741    1.468     1.487    1.413      ✓
     70.47     15.00   1.000   1.000     182.627       0.000    1.495     1.495    4.381      ✓
    345.55     15.00   1.000   1.000      39.740     522.741    1.496     1.494    1.422      ✓
     70.07     15.00   1.000   1.000     179.055       0.000    1.525     1.525    4.468      ✓
    345.95     15.00   1.000   1.000      36.168     522.741    1.526     1.500    1.431      ✓
     69.67     15.00   1.000   1.000     175.483       0.000    1.556     1.556    4.559      ✓
    346.35     15.00   1.000   1.000      32.596     522.741    1.557     1.505    1.441      ✓
     69.27     15.00   1.000   1.000     171.911       0.000    1.589     1.589    4.654      ✓
    346.75     15.00   1.000   1.000      29.024     522.741    1.590     1.511    1.450      ✓
     68.87     15.00   1.000   1.000     168.339       0.000    1.622     1.622    4.752      ✓
    347.15     15.00   1.000   1.000      25.452     522.741    1.624     1.515    1.459      ✓
     68.47     15.00   1.000   1.000     164.766       0.000    1.658     1.658    4.855      ✓
    347.55     15.00   1.000   1.000      21.880     522.741    1.659     1.519    1.469      ✓
     68.07     15.00   1.000   1.000     161.194       0.000    1.694     1.694    4.963      ✓
    347.95     15.00   1.000   1.000      18.307     522.741    1.696     1.522    1.479      ✓
     67.67     15.00   1.000   1.000     157.622       0.000    1.733     1.733    5.075      ✓
    348.35     15.00   1.000   1.000      14.735     522.741    1.734     1.525    1.488      ✓
     67.27     15.00   1.000   1.000     154.050       0.000    1.773     1.773    5.193      ✓
    348.75     15.00   1.000   1.000      11.163     522.741    1.774     1.527    1.498      ✓
     66.87     15.00   1.000   1.000     150.478       0.000    1.815     1.815    5.316      ✓
    349.15     15.00   1.000   1.000       7.591     522.741    1.816     1.529    1.508      ✓
     66.47     15.00   1.000   1.000     146.906       0.000    1.859     1.859    5.446      ✓
    349.55     15.00   1.000   1.000       4.019     522.741    1.861     1.530    1.519      ✓
     66.07     15.00   1.000   1.000     143.333       0.000    1.905     1.905    5.581      ✓
    349.95     15.00   1.000   1.000       0.447     522.741    1.907     1.530    1.529      ✓
    350.35     15.00   1.000   1.000       0.000     522.741    1.913     1.530    1.530      ✓
    350.75     15.00   1.000   1.000       0.000     522.741    1.913     1.530    1.530      ✓
    351.15     15.00   1.000   1.000       0.000     522.741    1.913     1.530    1.530      ✓
    351.55     15.00   1.000   1.000       0.000     522.741    1.913     1.530    1.530      ✓
    351.95     15.00   1.000   1.000       0.000     522.741    1.913     1.530    1.530      ✓
    352.35     15.00   1.000   1.000       0.000     522.741    1.913     1.530    1.530      ✓
    352.75     15.00   1.000   1.000       0.000     522.741    1.913     1.530    1.530      ✓
    353.15     15.00   1.000   1.000       0.000     522.741    1.913     1.530    1.530      ✓
    353.55     15.00   1.000   1.000       0.000     522.741    1.913     1.530    1.530      ✓
    353.95     15.00   1.000   1.000       0.000     522.741    1.913     1.530    1.530      ✓
    354.35     15.00   1.000   1.000       0.000     522.741    1.913     1.530    1.530      ✓
    354.75     15.00   1.000   1.000       0.000     522.741    1.913     1.530    1.530      ✓
    355.16     15.00   1.000   1.000       0.000     522.741    1.913     1.530    1.530      ✓
    355.56     15.00   1.000   1.000       0.000     522.741    1.913     1.530    1.530      ✓
    355.96     15.00   1.000   1.000       0.000     522.741    1.913     1.530    1.530      ✓
    356.36     15.00   1.000   1.000       0.000     522.741    1.913     1.530    1.530      ✓
    356.76     15.00   1.000   1.000       0.000     522.741    1.913     1.530    1.530      ✓
    357.16     15.00   1.000   1.000       0.000     522.741    1.913     1.530    1.530      ✓
    357.56     15.00   1.000   1.000       0.000     522.741    1.913     1.530    1.530      ✓
    357.96     15.00   1.000   1.000       0.000     522.741    1.913     1.530    1.530      ✓
    358.36     15.00   1.000   1.000       0.000     522.741    1.913     1.530    1.530      ✓
    358.76     15.00   1.000   1.000       0.000     522.741    1.913     1.530    1.530      ✓
    359.16     15.00   1.000   1.000       0.000     522.741    1.913     1.530    1.530      ✓
    359.56     15.00   1.000   1.000       0.000     522.741    1.913     1.530    1.530      ✓
    359.96     15.00   1.000   1.000       0.000     522.741    1.913     1.530    1.530      ✓
    360.36     15.00   1.000   1.000       0.000     522.741    1.913     1.530    1.530      ✓
    360.76     15.00   1.000   1.000       0.000     522.741    1.913     1.530    1.530      ✓
    361.16     15.00   1.000   1.000       0.000     522.741    1.913     1.530    1.530      ✓
    361.56     15.00   1.000   1.000       0.000     522.741    1.913     1.530    1.530      ✓
    361.96     15.00   1.000   1.000       0.000     522.741    1.913     1.530    1.530      ✓
    362.36     15.00   1.000   1.000       0.000     522.741    1.913     1.530    1.530      ✓
    362.76     15.00   1.000   1.000       0.000     522.741    1.913     1.530    1.530      ✓
    363.16     15.00   1.000   1.000       0.000     522.741    1.913     1.530    1.530      ✓
    363.56     15.00   1.000   1.000       0.000     522.741    1.913     1.530    1.530      ✓
    363.96     15.00   1.000   1.000       0.000     522.741    1.913     1.530    1.530      ✓
    364.36     15.00   1.000   1.000       0.000     522.741    1.913     1.530    1.530      ✓
    364.76     15.00   1.000   1.000       0.000     522.741    1.913     1.530    1.530      ✓
    365.17     15.00   1.000   1.000       0.000     522.741    1.913     1.530    1.530      ✓
    365.57     15.00   1.000   1.000       0.000     522.741    1.913     1.530    1.530      ✓
    365.97     15.00   1.000   1.000       0.000     522.741    1.913     1.530    1.530      ✓
    366.37     15.00   1.000   1.000       0.000     522.741    1.913     1.530    1.530      ✓
    366.77     15.00   1.000   1.000       0.000     522.741    1.913     1.530    1.530      ✓
    367.17     15.00   1.000   1.000       0.000     522.741    1.913     1.530    1.530      ✓
    367.57     15.00   1.000   1.000       0.000     522.741    1.913     1.530    1.530      ✓
    367.97     15.00   1.000   1.000       0.000     522.741    1.913     1.530    1.530      ✓
    368.37     15.00   1.000   1.000       0.000     522.741    1.913     1.530    1.530      ✓
    368.77     15.00   1.000   1.000       0.000     522.741    1.913     1.530    1.530      ✓
    369.17     15.00   1.000   1.000       0.000     522.741    1.913     1.530    1.530      ✓
    369.57     15.00   1.000   1.000       0.000     522.741    1.913     1.530    1.530      ✓
    369.97     15.00   1.000   1.000       0.000     522.741    1.913     1.530    1.530      ✓
    370.37     15.00   1.000   1.000       0.000     522.741    1.913     1.530    1.530      ✓
    370.77     15.00   1.000   1.000       0.000     522.741    1.913     1.530    1.530      ✓
    371.17     15.00   1.000   1.000       0.000     522.741    1.913     1.530    1.530      ✓
    371.57     15.00   1.000   1.000       0.000     522.741    1.913     1.530    1.530      ✓
    371.97     15.00   1.000   1.000       0.000     522.741    1.913     1.530    1.530      ✓
    372.37     15.00   1.000   1.000       0.000     522.741    1.913     1.530    1.530      ✓
    372.77     15.00   1.000   1.000       0.000     522.741    1.913     1.530    1.530      ✓
    373.17     15.00   1.000   1.000       0.000     522.741    1.913     1.530    1.530      ✓
    373.57     15.00   1.000   1.000       0.000     522.741    1.913     1.530    1.530      ✓
    373.97     15.00   1.000   1.000       0.000     522.741    1.913     1.530    1.530      ✓
    374.37     15.00   1.000   1.000       0.000     522.741    1.913     1.530    1.530      ✓
    374.77     15.00   1.000   1.000       0.000     522.741    1.913     1.530    1.530      ✓
    375.18     15.00   1.000   1.000       0.000     522.741    1.913     1.530    1.530      ✓
    375.58     15.00   1.000   1.000       0.000     522.741    1.913     1.530    1.530      ✓
    375.98     15.00   1.000   1.000       0.000     522.741    1.913     1.530    1.530      ✓
    376.38     15.00   1.000   1.000       0.000     522.741    1.913     1.530    1.530      ✓
    376.78     15.00   1.000   1.000       0.000     522.741    1.913     1.530    1.530      ✓
    377.18     15.00   1.000   1.000       0.000     522.741    1.913     1.530    1.530      ✓
    377.58     15.00   1.000   1.000       0.000     522.741    1.913     1.530    1.530      ✓
    377.98     15.00   1.000   1.000       0.000     522.741    1.913     1.530    1.530      ✓
    378.38     15.00   1.000   1.000       0.000     522.741    1.913     1.530    1.530      ✓
    378.78     15.00   1.000   1.000       0.000     522.741    1.913     1.530    1.530      ✓
    379.18     15.00   1.000   1.000       0.000     522.741    1.913     1.530    1.530      ✓
    379.58     15.00   1.000   1.000       0.000     522.741    1.913     1.530    1.530      ✓
    379.98     15.00   1.000   1.000       0.000     522.741    1.913     1.530    1.530      ✓
    380.38     15.00   1.000   1.000       0.000     522.741    1.913     1.530    1.530      ✓
    380.78     15.00   1.000   1.000       0.000     522.741    1.913     1.530    1.530      ✓
    381.18     15.00   1.000   1.000       0.000     522.741    1.913     1.530    1.530      ✓
    381.58     15.00   1.000   1.000       0.000     522.741    1.913     1.530    1.530      ✓
    381.98     15.00   1.000   1.000       0.000     522.741    1.913     1.530    1.530      ✓
    382.38     15.00   1.000   1.000       0.000     522.741    1.913     1.530    1.530      ✓
    382.78     15.00   1.000   1.000       0.000     522.741    1.913     1.530    1.530      ✓
    383.18     15.00   1.000   1.000       0.000     522.741    1.913     1.530    1.530      ✓
    383.58     15.00   1.000   1.000       0.000     522.741    1.913     1.530    1.530      ✓
    383.98     15.00   1.000   1.000       0.000     522.741    1.913     1.530    1.530      ✓
    384.38     15.00   1.000   1.000       0.000     522.741    1.913     1.530    1.530      ✓
    384.78     15.00   1.000   1.000       0.000     522.741    1.913     1.530    1.530      ✓
    385.19     15.00   1.000   1.000       0.000     522.741    1.913     1.530    1.530      ✓
    385.59     15.00   1.000   1.000       0.000     522.741    1.913     1.530    1.530      ✓
    385.99     15.00   1.000   1.000       0.000     522.741    1.913     1.530    1.530      ✓
    386.39     15.00   1.000   1.000       0.000     522.741    1.913     1.530    1.530      ✓
    386.79     15.00   1.000   1.000       0.000     522.741    1.913     1.530    1.530      ✓
    387.19     15.00   1.000   1.000       0.000     522.741    1.913     1.530    1.530      ✓
    387.59     15.00   1.000   1.000       0.000     522.741    1.913     1.530    1.530      ✓
    387.99     15.00   1.000   1.000       0.000     522.741    1.913     1.530    1.530      ✓
    388.39     15.00   1.000   1.000       0.000     522.741    1.913     1.530    1.530      ✓
    388.79     15.00   1.000   1.000       0.000     522.741    1.913     1.530    1.530      ✓
    389.19     15.00   1.000   1.000       0.000     522.741    1.913     1.530    1.530      ✓
    389.59     15.00   1.000   1.000       0.000     522.741    1.913     1.530    1.530      ✓
    389.99     15.00   1.000   1.000       0.000     522.741    1.913     1.530    1.530      ✓
    390.39     15.00   1.000   1.000       0.000     522.741    1.913     1.530    1.530      ✓
    390.79     15.00   1.000   1.000       0.000     522.741    1.913     1.530    1.530      ✓
    391.19     15.00   1.000   1.000       0.000     522.741    1.913     1.530    1.530      ✓
    391.59     15.00   1.000   1.000       0.000     522.741    1.913     1.530    1.530      ✓
    391.99     15.00   1.000   1.000       0.000     522.741    1.913     1.530    1.530      ✓
    392.39     15.00   1.000   1.000       0.000     522.741    1.913     1.530    1.530      ✓
    392.79     15.00   1.000   1.000       0.000     522.741    1.913     1.530    1.530      ✓
    393.19     15.00   1.000   1.000       0.000     522.741    1.913     1.530    1.530      ✓
    393.59     15.00   1.000   1.000       0.000     522.741    1.913     1.530    1.530      ✓
    393.99     15.00   1.000   1.000       0.000     522.741    1.913     1.530    1.530      ✓
    394.39     15.00   1.000   1.000       0.000     522.741    1.913     1.530    1.530      ✓
    394.79     15.00   1.000   1.000       0.000     522.741    1.913     1.530    1.530      ✓
    395.20     15.00   1.000   1.000       0.000     522.741    1.913     1.530    1.530      ✓
    395.60     15.00   1.000   1.000       0.000     522.741    1.913     1.530    1.530      ✓
    396.00     15.00   1.000   1.000       0.000     522.741    1.913     1.530    1.530      ✓
    396.40     15.00   1.000   1.000       0.000     522.741    1.913     1.530    1.530      ✓
    396.80     15.00   1.000   1.000       0.000     522.741    1.913     1.530    1.530      ✓
    397.20     15.00   1.000   1.000       0.000     522.741    1.913     1.530    1.530      ✓
    397.60     15.00   1.000   1.000       0.000     522.741    1.913     1.530    1.530      ✓
    398.00     15.00   1.000   1.000       0.000     522.741    1.913     1.530    1.530      ✓
    398.40     15.00   1.000   1.000       0.000     522.741    1.913     1.530    1.530      ✓
    398.80     15.00   1.000   1.000       0.000     522.741    1.913     1.530    1.530      ✓
    399.20     15.00   1.000   1.000       0.000     522.741    1.913     1.530    1.530      ✓
    399.60     15.00   1.000   1.000       0.000     522.741    1.913     1.530    1.530      ✓
    400.00     15.00   1.000   1.000       0.000     522.741    1.913     1.530    1.530      ✓
     65.67     15.00   1.000   1.000     139.761       0.000    1.954     1.954    5.724      ✓
     65.27     15.00   1.000   1.000     136.189       0.000    2.005     2.005    5.874      ✓
     64.86     15.00   1.000   1.000     132.617       0.000    2.059     2.059    6.032      ✓
     64.46     15.00   1.000   1.000     129.045       0.000    2.116     2.116    6.199      ✓
     64.06     15.00   1.000   1.000     125.473       0.000    2.177     2.177    6.376      ✓
     63.66     15.00   1.000   1.000     121.900       0.000    2.241     2.241    6.563      ✓
     63.26     15.00   1.000   1.000     118.328       0.000    2.308     2.308    6.761      ✓
     62.86     15.00   1.000   1.000     114.756       0.000    2.380     2.380    6.971      ✓
     62.46     15.00   1.000   1.000     111.184       0.000    2.456     2.456    7.195      ✓
     62.06     15.00   1.000   1.000     107.612       0.000    2.538     2.538    7.434      ✓
     61.66     15.00   1.000   1.000     104.040       0.000    2.625     2.625    7.689      ✓
     61.26     15.00   1.000   1.000     100.467       0.000    2.718     2.718    7.963      ✓
     60.86     15.00   1.000   1.000      96.895       0.000    2.819     2.819    8.256      ✓
     60.46     15.00   1.000   1.000      93.323       0.000    2.927     2.927    8.572      ✓
     60.06     15.00   1.000   1.000      89.751       0.000    3.043     3.043    8.914      ✓
     59.66     15.00   1.000   1.000      86.179       0.000    3.169     3.169    9.283      ✓
     59.26     15.00   1.000   1.000      82.607       0.000    3.306     3.306    9.684      ✓
     58.86     15.00   1.000   1.000      79.034       0.000    3.456     3.456   10.122      ✓
     58.46     15.00   1.000   1.000      75.462       0.000    3.619     3.619   10.601      ✓
     58.06     15.00   1.000   1.000      71.890       0.000    3.799     3.799   11.128      ✓
     57.66     15.00   1.000   1.000      68.318       0.000    3.998     3.998   11.710      ✓
     57.26     15.00   1.000   1.000      64.746       0.000    4.218     4.218   12.356      ✓
     56.86     15.00   1.000   1.000      61.173       0.000    4.465     4.465   13.078      ✓
     56.46     15.00   1.000   1.000      57.601       0.000    4.742     4.742   13.889      ✓
     56.06     15.00   1.000   1.000      54.029       0.000    5.055     5.055   14.807      ✓
     55.66     15.00   1.000   1.000      50.457       0.000    5.413     5.413   15.855      ✓
     55.26     15.00   1.000   1.000      46.885       0.000    5.825     5.825   17.063      ✓
     54.85     15.00   1.000   1.000      43.313       0.000    6.306     6.306   18.470      ✓
     54.45     15.00   1.000   1.000      39.740       0.000    6.873     6.873   20.131      ✓
     54.05     15.00   1.000   1.000      36.168       0.000    7.551     7.551   22.119      ✓
     53.65     15.00   1.000   1.000      32.596       0.000    8.379     8.379   24.543      ✓
     53.25     15.00   1.000   1.000      29.024       0.000    9.410     9.410   27.563      ✓
     52.85     15.00   1.000   1.000      25.452       0.000   10.731    10.731   31.432      ✓
     52.45     15.00   1.000   1.000      21.880       0.000   12.483    12.483   36.564      ✓
     52.05     15.00   1.000   1.000      18.307       0.000   14.918    14.918   43.698      ✓
     51.65     15.00   1.000   1.000      14.735       0.000   18.535    18.535   54.292      ✓
     51.25     15.00   1.000   1.000      11.163       0.000   24.466    24.466   71.665      ✓
     50.85     15.00   1.000   1.000       7.591       0.000   35.980    35.980  105.390      ✓
     50.45     15.00   1.000   1.000       4.019       0.000   67.962    67.962  199.070      ✓
     50.05     15.00   1.000   1.000       0.447       0.000  611.658   611.658  1791.626      ✓
      0.00     15.00   1.000   1.000       0.000       0.000        ∞         ∞        ∞      ✓
      0.40     15.00   1.000   1.000       0.000       0.000        ∞         ∞        ∞      ✓
      0.80     15.00   1.000   1.000       0.000       0.000        ∞         ∞        ∞      ✓
      1.20     15.00   1.000   1.000       0.000       0.000        ∞         ∞        ∞      ✓
      1.60     15.00   1.000   1.000       0.000       0.000        ∞         ∞        ∞      ✓
      2.00     15.00   1.000   1.000       0.000       0.000        ∞         ∞        ∞      ✓
      2.40     15.00   1.000   1.000       0.000       0.000        ∞         ∞        ∞      ✓
      2.80     15.00   1.000   1.000       0.000       0.000        ∞         ∞        ∞      ✓
      3.20     15.00   1.000   1.000       0.000       0.000        ∞         ∞        ∞      ✓
      3.60     15.00   1.000   1.000       0.000       0.000        ∞         ∞        ∞      ✓
      4.00     15.00   1.000   1.000       0.000       0.000        ∞         ∞        ∞      ✓
      4.40     15.00   1.000   1.000       0.000       0.000        ∞         ∞        ∞      ✓
      4.80     15.00   1.000   1.000       0.000       0.000        ∞         ∞        ∞      ✓
      5.21     15.00   1.000   1.000       0.000       0.000        ∞         ∞        ∞      ✓
      5.61     15.00   1.000   1.000       0.000       0.000        ∞         ∞        ∞      ✓
      6.01     15.00   1.000   1.000       0.000       0.000        ∞         ∞        ∞      ✓
      6.41     15.00   1.000   1.000       0.000       0.000        ∞         ∞        ∞      ✓
      6.81     15.00   1.000   1.000       0.000       0.000        ∞         ∞        ∞      ✓
      7.21     15.00   1.000   1.000       0.000       0.000        ∞         ∞        ∞      ✓
      7.61     15.00   1.000   1.000       0.000       0.000        ∞         ∞        ∞      ✓
      8.01     15.00   1.000   1.000       0.000       0.000        ∞         ∞        ∞      ✓
      8.41     15.00   1.000   1.000       0.000       0.000        ∞         ∞        ∞      ✓
      8.81     15.00   1.000   1.000       0.000       0.000        ∞         ∞        ∞      ✓
      9.21     15.00   1.000   1.000       0.000       0.000        ∞         ∞        ∞      ✓
      9.61     15.00   1.000   1.000       0.000       0.000        ∞         ∞        ∞      ✓
     10.01     15.00   1.000   1.000       0.000       0.000        ∞         ∞        ∞      ✓
     10.41     15.00   1.000   1.000       0.000       0.000        ∞         ∞        ∞      ✓
     10.81     15.00   1.000   1.000       0.000       0.000        ∞         ∞        ∞      ✓
     11.21     15.00   1.000   1.000       0.000       0.000        ∞         ∞        ∞      ✓
     11.61     15.00   1.000   1.000       0.000       0.000        ∞         ∞        ∞      ✓
     12.01     15.00   1.000   1.000       0.000       0.000        ∞         ∞        ∞      ✓
     12.41     15.00   1.000   1.000       0.000       0.000        ∞         ∞        ∞      ✓
     12.81     15.00   1.000   1.000       0.000       0.000        ∞         ∞        ∞      ✓
     13.21     15.00   1.000   1.000       0.000       0.000        ∞         ∞        ∞      ✓
     13.61     15.00   1.000   1.000       0.000       0.000        ∞         ∞        ∞      ✓
     14.01     15.00   1.000   1.000       0.000       0.000        ∞         ∞        ∞      ✓
     14.41     15.00   1.000   1.000       0.000       0.000        ∞         ∞        ∞      ✓
     14.81     15.00   1.000   1.000       0.000       0.000        ∞         ∞        ∞      ✓
     15.22     15.00   1.000   1.000       0.000       0.000        ∞         ∞        ∞      ✓
     15.62     15.00   1.000   1.000       0.000       0.000        ∞         ∞        ∞      ✓
     16.02     15.00   1.000   1.000       0.000       0.000        ∞         ∞        ∞      ✓
     16.42     15.00   1.000   1.000       0.000       0.000        ∞         ∞        ∞      ✓
     16.82     15.00   1.000   1.000       0.000       0.000        ∞         ∞        ∞      ✓
     17.22     15.00   1.000   1.000       0.000       0.000        ∞         ∞        ∞      ✓
     17.62     15.00   1.000   1.000       0.000       0.000        ∞         ∞        ∞      ✓
     18.02     15.00   1.000   1.000       0.000       0.000        ∞         ∞        ∞      ✓
     18.42     15.00   1.000   1.000       0.000       0.000        ∞         ∞        ∞      ✓
     18.82     15.00   1.000   1.000       0.000       0.000        ∞         ∞        ∞      ✓
     19.22     15.00   1.000   1.000       0.000       0.000        ∞         ∞        ∞      ✓
     19.62     15.00   1.000   1.000       0.000       0.000        ∞         ∞        ∞      ✓
     20.02     15.00   1.000   1.000       0.000       0.000        ∞         ∞        ∞      ✓
     20.42     15.00   1.000   1.000       0.000       0.000        ∞         ∞        ∞      ✓
     20.82     15.00   1.000   1.000       0.000       0.000        ∞         ∞        ∞      ✓
     21.22     15.00   1.000   1.000       0.000       0.000        ∞         ∞        ∞      ✓
     21.62     15.00   1.000   1.000       0.000       0.000        ∞         ∞        ∞      ✓
     22.02     15.00   1.000   1.000       0.000       0.000        ∞         ∞        ∞      ✓
     22.42     15.00   1.000   1.000       0.000       0.000        ∞         ∞        ∞      ✓
     22.82     15.00   1.000   1.000       0.000       0.000        ∞         ∞        ∞      ✓
     23.22     15.00   1.000   1.000       0.000       0.000        ∞         ∞        ∞      ✓
     23.62     15.00   1.000   1.000       0.000       0.000        ∞         ∞        ∞      ✓
     24.02     15.00   1.000   1.000       0.000       0.000        ∞         ∞        ∞      ✓
     24.42     15.00   1.000   1.000       0.000       0.000        ∞         ∞        ∞      ✓
     24.82     15.00   1.000   1.000       0.000       0.000        ∞         ∞        ∞      ✓
     25.23     15.00   1.000   1.000       0.000       0.000        ∞         ∞        ∞      ✓
     25.63     15.00   1.000   1.000       0.000       0.000        ∞         ∞        ∞      ✓
     26.03     15.00   1.000   1.000       0.000       0.000        ∞         ∞        ∞      ✓
     26.43     15.00   1.000   1.000       0.000       0.000        ∞         ∞        ∞      ✓
     26.83     15.00   1.000   1.000       0.000       0.000        ∞         ∞        ∞      ✓
     27.23     15.00   1.000   1.000       0.000       0.000        ∞         ∞        ∞      ✓
     27.63     15.00   1.000   1.000       0.000       0.000        ∞         ∞        ∞      ✓
     28.03     15.00   1.000   1.000       0.000       0.000        ∞         ∞        ∞      ✓
     28.43     15.00   1.000   1.000       0.000       0.000        ∞         ∞        ∞      ✓
     28.83     15.00   1.000   1.000       0.000       0.000        ∞         ∞        ∞      ✓
     29.23     15.00   1.000   1.000       0.000       0.000        ∞         ∞        ∞      ✓
     29.63     15.00   1.000   1.000       0.000       0.000        ∞         ∞        ∞      ✓
     30.03     15.00   1.000   1.000       0.000       0.000        ∞         ∞        ∞      ✓
     30.43     15.00   1.000   1.000       0.000       0.000        ∞         ∞        ∞      ✓
     30.83     15.00   1.000   1.000       0.000       0.000        ∞         ∞        ∞      ✓
     31.23     15.00   1.000   1.000       0.000       0.000        ∞         ∞        ∞      ✓
     31.63     15.00   1.000   1.000       0.000       0.000        ∞         ∞        ∞      ✓
     32.03     15.00   1.000   1.000       0.000       0.000        ∞         ∞        ∞      ✓
     32.43     15.00   1.000   1.000       0.000       0.000        ∞         ∞        ∞      ✓
     32.83     15.00   1.000   1.000       0.000       0.000        ∞         ∞        ∞      ✓
     33.23     15.00   1.000   1.000       0.000       0.000        ∞         ∞        ∞      ✓
     33.63     15.00   1.000   1.000       0.000       0.000        ∞         ∞        ∞      ✓
     34.03     15.00   1.000   1.000       0.000       0.000        ∞         ∞        ∞      ✓
     34.43     15.00   1.000   1.000       0.000       0.000        ∞         ∞        ∞      ✓
     34.83     15.00   1.000   1.000       0.000       0.000        ∞         ∞        ∞      ✓
     35.24     15.00   1.000   1.000       0.000       0.000        ∞         ∞        ∞      ✓
     35.64     15.00   1.000   1.000       0.000       0.000        ∞         ∞        ∞      ✓
     36.04     15.00   1.000   1.000       0.000       0.000        ∞         ∞        ∞      ✓
     36.44     15.00   1.000   1.000       0.000       0.000        ∞         ∞        ∞      ✓
     36.84     15.00   1.000   1.000       0.000       0.000        ∞         ∞        ∞      ✓
     37.24     15.00   1.000   1.000       0.000       0.000        ∞         ∞        ∞      ✓
     37.64     15.00   1.000   1.000       0.000       0.000        ∞         ∞        ∞      ✓
     38.04     15.00   1.000   1.000       0.000       0.000        ∞         ∞        ∞      ✓
     38.44     15.00   1.000   1.000       0.000       0.000        ∞         ∞        ∞      ✓
     38.84     15.00   1.000   1.000       0.000       0.000        ∞         ∞        ∞      ✓
     39.24     15.00   1.000   1.000       0.000       0.000        ∞         ∞        ∞      ✓
     39.64     15.00   1.000   1.000       0.000       0.000        ∞         ∞        ∞      ✓
     40.04     15.00   1.000   1.000       0.000       0.000        ∞         ∞        ∞      ✓
     40.44     15.00   1.000   1.000       0.000       0.000        ∞         ∞        ∞      ✓
     40.84     15.00   1.000   1.000       0.000       0.000        ∞         ∞        ∞      ✓
     41.24     15.00   1.000   1.000       0.000       0.000        ∞         ∞        ∞      ✓
     41.64     15.00   1.000   1.000       0.000       0.000        ∞         ∞        ∞      ✓
     42.04     15.00   1.000   1.000       0.000       0.000        ∞         ∞        ∞      ✓
     42.44     15.00   1.000   1.000       0.000       0.000        ∞         ∞        ∞      ✓
     42.84     15.00   1.000   1.000       0.000       0.000        ∞         ∞        ∞      ✓
     43.24     15.00   1.000   1.000       0.000       0.000        ∞         ∞        ∞      ✓
     43.64     15.00   1.000   1.000       0.000       0.000        ∞         ∞        ∞      ✓
     44.04     15.00   1.000   1.000       0.000       0.000        ∞         ∞        ∞      ✓
     44.44     15.00   1.000   1.000       0.000       0.000        ∞         ∞        ∞      ✓
     44.84     15.00   1.000   1.000       0.000       0.000        ∞         ∞        ∞      ✓
     45.25     15.00   1.000   1.000       0.000       0.000        ∞         ∞        ∞      ✓
     45.65     15.00   1.000   1.000       0.000       0.000        ∞         ∞        ∞      ✓
     46.05     15.00   1.000   1.000       0.000       0.000        ∞         ∞        ∞      ✓
     46.45     15.00   1.000   1.000       0.000       0.000        ∞         ∞        ∞      ✓
     46.85     15.00   1.000   1.000       0.000       0.000        ∞         ∞        ∞      ✓
     47.25     15.00   1.000   1.000       0.000       0.000        ∞         ∞        ∞      ✓
     47.65     15.00   1.000   1.000       0.000       0.000        ∞         ∞        ∞      ✓
     48.05     15.00   1.000   1.000       0.000       0.000        ∞         ∞        ∞      ✓
     48.45     15.00   1.000   1.000       0.000       0.000        ∞         ∞        ∞      ✓
     48.85     15.00   1.000   1.000       0.000       0.000        ∞         ∞        ∞      ✓
     49.25     15.00   1.000   1.000       0.000       0.000        ∞         ∞        ∞      ✓
     49.65     15.00   1.000   1.000       0.000       0.000        ∞         ∞        ∞      ✓

MOST CRITICAL SECTION
--------------------------------------------------------------------------------
  x                     : 200.20  [mm]
  diameter              : 20.00  [mm]
  Kt                    : 1.0000
  Kf                    : 1.0000
  Kts                   : 1.0000
  Kfs                   : 1.0000
  q (bending)           : 1.0000
  qs (torsion)          : 1.0000
  Ma                    : 442815.60  [N·mm]
  Tm                    : 200000.00  [N·mm]
  Se'                   : 264.84  [MPa]
  ka                    : 0.7231
  kb                    : 0.8999
  ke                    : 0.8140
  sigma_a               : 563.810  [MPa]
  sigma_m               : 220.532  [MPa]
  nf_goodman            : 0.426
  nf_asme               : 0.466
  ny                    : 1.020
  Safe                  : ✗
  Langer OK             : ✓

================================================================================
STATUS : WARNING: 573 section(s) unsafe
================================================================================