================================================================================
AxisForge — Fatigue Stress Analysis — Shaft
================================================================================
Project  : demo_C14_H501
Element  : H501_shaft
Script   : full_pipeline.py
Date     : 2026-05-29 14:47:40
Solver   : StressSolver v1.0
Standard : Shigley 10th ed. §7-4
================================================================================

  Material      : 42CrMo4
  Surface finish: machined
  Reliability   : 99 %
  Sut           : 1000.0 MPa
  Sy            : 800.0 MPa

--------------------------------------------------------------------------------
    x [mm]    d [mm]      Kf     Kfs   σ_a [MPa]   σ_m [MPa]    nf_GM   nf_ASME       ny   Safe
  ----------------------------------------------------------------------------
    200.20     20.00   1.000   1.000     281.253     110.266    0.853     0.934    2.043      ✗
    200.60     20.00   1.000   1.000     280.501     110.266    0.855     0.936    2.047      ✗
    201.00     20.00   1.000   1.000     279.750     110.266    0.857     0.939    2.051      ✗
    201.40     20.00   1.000   1.000     278.998     110.266    0.859     0.941    2.055      ✗
    201.80     20.00   1.000   1.000     278.246     110.266    0.861     0.944    2.059      ✗
    202.20     20.00   1.000   1.000     277.494     110.266    0.864     0.946    2.063      ✗
    202.60     20.00   1.000   1.000     276.743     110.266    0.866     0.949    2.067      ✗
    203.00     20.00   1.000   1.000     275.991     110.266    0.868     0.951    2.071      ✗
    203.40     20.00   1.000   1.000     275.239     110.266    0.870     0.954    2.075      ✗
    203.80     20.00   1.000   1.000     274.487     110.266    0.872     0.956    2.079      ✗
    204.20     20.00   1.000   1.000     273.736     110.266    0.874     0.959    2.083      ✗
    204.60     20.00   1.000   1.000     272.984     110.266    0.876     0.962    2.087      ✗
    205.01     20.00   1.000   1.000     272.232     110.266    0.879     0.964    2.092      ✗
    205.41     20.00   1.000   1.000     271.480     110.266    0.881     0.967    2.096      ✗
    205.81     20.00   1.000   1.000     270.728     110.266    0.883     0.969    2.100      ✗
    206.21     20.00   1.000   1.000     269.977     110.266    0.885     0.972    2.104      ✗
    206.61     20.00   1.000   1.000     269.225     110.266    0.887     0.975    2.108      ✗
    207.01     20.00   1.000   1.000     268.473     110.266    0.890     0.977    2.112      ✗
    207.41     20.00   1.000   1.000     267.721     110.266    0.892     0.980    2.116      ✗
    207.81     20.00   1.000   1.000     266.970     110.266    0.894     0.983    2.121      ✗
    208.21     20.00   1.000   1.000     266.218     110.266    0.896     0.986    2.125      ✗
    208.61     20.00   1.000   1.000     265.466     110.266    0.899     0.988    2.129      ✗
    209.01     20.00   1.000   1.000     264.714     110.266    0.901     0.991    2.133      ✗
    209.41     20.00   1.000   1.000     263.963     110.266    0.903     0.994    2.138      ✗
    209.81     20.00   1.000   1.000     263.211     110.266    0.906     0.997    2.142      ✗
    210.21     20.00   1.000   1.000     262.459     110.266    0.908     0.999    2.146      ✗
    210.61     20.00   1.000   1.000     261.707     110.266    0.910     1.002    2.151      ✗
    211.01     20.00   1.000   1.000     260.956     110.266    0.913     1.005    2.155      ✗
    211.41     20.00   1.000   1.000     260.204     110.266    0.915     1.008    2.159      ✗
    211.81     20.00   1.000   1.000     259.452     110.266    0.917     1.011    2.164      ✗
    212.21     20.00   1.000   1.000     258.700     110.266    0.920     1.014    2.168      ✗
    212.61     20.00   1.000   1.000     257.949     110.266    0.922     1.017    2.173      ✗
    213.01     20.00   1.000   1.000     257.197     110.266    0.925     1.019    2.177      ✗
    213.41     20.00   1.000   1.000     256.445     110.266    0.927     1.022    2.182      ✗
    213.81     20.00   1.000   1.000     255.693     110.266    0.930     1.025    2.186      ✗
    214.21     20.00   1.000   1.000     254.941     110.266    0.932     1.028    2.191      ✗
    300.30     15.00   1.000   1.000     221.185     261.371    0.934     1.145    1.658      ✗
    214.61     20.00   1.000   1.000     254.190     110.266    0.935     1.031    2.195      ✗
    215.02     20.00   1.000   1.000     253.438     110.266    0.937     1.034    2.200      ✗
    300.70     15.00   1.000   1.000     219.403     261.371    0.939     1.153    1.664      ✗
    215.42     20.00   1.000   1.000     252.686     110.266    0.940     1.037    2.204      ✗
    199.80     20.00   1.000   1.000     281.253       0.000    0.942     0.942    2.844      ✗
    215.82     20.00   1.000   1.000     251.934     110.266    0.942     1.040    2.209      ✗
    199.40     20.00   1.000   1.000     280.501       0.000    0.944     0.944    2.852      ✗
    216.22     20.00   1.000   1.000     251.183     110.266    0.945     1.043    2.213      ✗
    301.10     15.00   1.000   1.000     217.621     261.371    0.945     1.161    1.670      ✗
    199.00     20.00   1.000   1.000     279.750       0.000    0.947     0.947    2.860      ✗
    216.62     20.00   1.000   1.000     250.431     110.266    0.947     1.046    2.218      ✗
    198.60     20.00   1.000   1.000     278.998       0.000    0.949     0.949    2.867      ✗
    217.02     20.00   1.000   1.000     249.679     110.266    0.950     1.050    2.223      ✗
    301.50     15.00   1.000   1.000     215.839     261.371    0.951     1.169    1.676      ✗
    198.20     20.00   1.000   1.000     278.246       0.000    0.952     0.952    2.875      ✗
    217.42     20.00   1.000   1.000     248.927     110.266    0.952     1.053    2.227      ✗
    197.80     20.00   1.000   1.000     277.494       0.000    0.954     0.954    2.883      ✗
    217.82     20.00   1.000   1.000     248.176     110.266    0.955     1.056    2.232      ✗
    301.90     15.00   1.000   1.000     214.057     261.371    0.957     1.178    1.683      ✗
    197.40     20.00   1.000   1.000     276.743       0.000    0.957     0.957    2.891      ✗
    218.22     20.00   1.000   1.000     247.424     110.266    0.957     1.059    2.237      ✗
    197.00     20.00   1.000   1.000     275.991       0.000    0.960     0.960    2.899      ✗
    218.62     20.00   1.000   1.000     246.672     110.266    0.960     1.062    2.241      ✗
    196.60     20.00   1.000   1.000     275.239       0.000    0.962     0.962    2.907      ✗
    219.02     20.00   1.000   1.000     245.920     110.266    0.963     1.065    2.246      ✗
    302.30     15.00   1.000   1.000     212.275     261.371    0.963     1.186    1.689      ✗
    196.20     20.00   1.000   1.000     274.487       0.000    0.965     0.965    2.915      ✗
    219.42     20.00   1.000   1.000     245.169     110.266    0.965     1.068    2.251      ✗
    195.80     20.00   1.000   1.000     273.736       0.000    0.968     0.968    2.923      ✗
    219.82     20.00   1.000   1.000     244.417     110.266    0.968     1.072    2.256      ✗
    302.70     15.00   1.000   1.000     210.494     261.371    0.969     1.195    1.695      ✗
    195.40     20.00   1.000   1.000     272.984       0.000    0.970     0.970    2.931      ✗
    220.22     20.00   1.000   1.000     243.665     110.266    0.971     1.075    2.260      ✗
    194.99     20.00   1.000   1.000     272.232       0.000    0.973     0.973    2.939      ✗
    220.62     20.00   1.000   1.000     242.913     110.266    0.973     1.078    2.265      ✗
    303.10     15.00   1.000   1.000     208.712     261.371    0.975     1.203    1.702      ✗
    194.59     20.00   1.000   1.000     271.480       0.000    0.976     0.976    2.947      ✗
    221.02     20.00   1.000   1.000     242.161     110.266    0.976     1.081    2.270      ✗
    194.19     20.00   1.000   1.000     270.728       0.000    0.978     0.978    2.955      ✗
    221.42     20.00   1.000   1.000     241.410     110.266    0.979     1.085    2.275      ✗
    193.79     20.00   1.000   1.000     269.977       0.000    0.981     0.981    2.963      ✗
    303.50     15.00   1.000   1.000     206.930     261.371    0.981     1.212    1.708      ✗
    221.82     20.00   1.000   1.000     240.658     110.266    0.981     1.088    2.280      ✗
    193.39     20.00   1.000   1.000     269.225       0.000    0.984     0.984    2.971      ✗
    222.22     20.00   1.000   1.000     239.906     110.266    0.984     1.091    2.285      ✗
    192.99     20.00   1.000   1.000     268.473       0.000    0.986     0.986    2.980      ✗
    222.62     20.00   1.000   1.000     239.154     110.266    0.987     1.095    2.290      ✗
    303.90     15.00   1.000   1.000     205.148     261.371    0.988     1.221    1.715      ✗
    192.59     20.00   1.000   1.000     267.721       0.000    0.989     0.989    2.988      ✗
    223.02     20.00   1.000   1.000     238.403     110.266    0.990     1.098    2.294      ✗
    192.19     20.00   1.000   1.000     266.970       0.000    0.992     0.992    2.997      ✗
    223.42     20.00   1.000   1.000     237.651     110.266    0.992     1.101    2.299      ✗
    304.30     15.00   1.000   1.000     203.366     261.371    0.994     1.230    1.721      ✗
    191.79     20.00   1.000   1.000     266.218       0.000    0.995     0.995    3.005      ✗
    223.82     20.00   1.000   1.000     236.899     110.266    0.995     1.105    2.304      ✗
    191.39     20.00   1.000   1.000     265.466       0.000    0.998     0.998    3.014      ✗
    224.22     20.00   1.000   1.000     236.147     110.266    0.998     1.108    2.309      ✗
    190.99     20.00   1.000   1.000     264.714       0.000    1.000     1.000    3.022      ✓
    304.70     15.00   1.000   1.000     201.584     261.371    1.001     1.239    1.728      ✓
    224.62     20.00   1.000   1.000     235.396     110.266    1.001     1.112    2.314      ✓
    190.59     20.00   1.000   1.000     263.963       0.000    1.003     1.003    3.031      ✓
    225.03     20.00   1.000   1.000     234.644     110.266    1.004     1.115    2.319      ✓
    190.19     20.00   1.000   1.000     263.211       0.000    1.006     1.006    3.039      ✓
    225.43     20.00   1.000   1.000     233.892     110.266    1.007     1.119    2.325      ✓
    305.11     15.00   1.000   1.000     199.802     261.371    1.007     1.248    1.735      ✓
    189.79     20.00   1.000   1.000     262.459       0.000    1.009     1.009    3.048      ✓
    225.83     20.00   1.000   1.000     233.140     110.266    1.010     1.122    2.330      ✓
    189.39     20.00   1.000   1.000     261.707       0.000    1.012     1.012    3.057      ✓
    226.23     20.00   1.000   1.000     232.389     110.266    1.012     1.126    2.335      ✓
    305.51     15.00   1.000   1.000     198.020     261.371    1.014     1.257    1.741      ✓
    188.99     20.00   1.000   1.000     260.956       0.000    1.015     1.015    3.066      ✓
    226.63     20.00   1.000   1.000     231.637     110.266    1.015     1.129    2.340      ✓
    188.59     20.00   1.000   1.000     260.204       0.000    1.018     1.018    3.075      ✓
    227.03     20.00   1.000   1.000     230.885     110.266    1.018     1.133    2.345      ✓
    305.91     15.00   1.000   1.000     196.238     261.371    1.021     1.267    1.748      ✓
    188.19     20.00   1.000   1.000     259.452       0.000    1.021     1.021    3.083      ✓
    227.43     20.00   1.000   1.000     230.133     110.266    1.021     1.137    2.350      ✓
    187.79     20.00   1.000   1.000     258.700       0.000    1.024     1.024    3.092      ✓
    227.83     20.00   1.000   1.000     229.382     110.266    1.024     1.140    2.355      ✓
    187.39     20.00   1.000   1.000     257.949       0.000    1.027     1.027    3.101      ✓
    228.23     20.00   1.000   1.000     228.630     110.266    1.027     1.144    2.361      ✓
    306.31     15.00   1.000   1.000     194.456     261.371    1.027     1.277    1.755      ✓
    186.99     20.00   1.000   1.000     257.197       0.000    1.030     1.030    3.110      ✓
    228.63     20.00   1.000   1.000     227.878     110.266    1.030     1.148    2.366      ✓
    186.59     20.00   1.000   1.000     256.445       0.000    1.033     1.033    3.120      ✓
    229.03     20.00   1.000   1.000     227.126     110.266    1.033     1.151    2.371      ✓
    306.71     15.00   1.000   1.000     192.674     261.371    1.034     1.286    1.762      ✓
    186.19     20.00   1.000   1.000     255.693       0.000    1.036     1.036    3.129      ✓
    229.43     20.00   1.000   1.000     226.374     110.266    1.036     1.155    2.376      ✓
    185.79     20.00   1.000   1.000     254.941       0.000    1.039     1.039    3.138      ✓
    229.83     20.00   1.000   1.000     225.623     110.266    1.039     1.159    2.382      ✓
    307.11     15.00   1.000   1.000     190.892     261.371    1.041     1.296    1.769      ✓
    185.39     20.00   1.000   1.000     254.190       0.000    1.042     1.042    3.147      ✓
    230.23     20.00   1.000   1.000     224.871     110.266    1.042     1.163    2.387      ✓
    184.98     20.00   1.000   1.000     253.438       0.000    1.045     1.045    3.157      ✓
    230.63     20.00   1.000   1.000     224.119     110.266    1.045     1.166    2.392      ✓
    184.58     20.00   1.000   1.000     252.686       0.000    1.048     1.048    3.166      ✓
    307.51     15.00   1.000   1.000     189.110     261.371    1.048     1.306    1.776      ✓
    231.03     20.00   1.000   1.000     223.367     110.266    1.049     1.170    2.398      ✓
    184.18     20.00   1.000   1.000     251.934       0.000    1.051     1.051    3.175      ✓
    231.43     20.00   1.000   1.000     222.616     110.266    1.052     1.174    2.403      ✓
    183.78     20.00   1.000   1.000     251.183       0.000    1.054     1.054    3.185      ✓
    231.83     20.00   1.000   1.000     221.864     110.266    1.055     1.178    2.409      ✓
    307.91     15.00   1.000   1.000     187.328     261.371    1.056     1.316    1.783      ✓
    183.38     20.00   1.000   1.000     250.431       0.000    1.058     1.058    3.194      ✓
    232.23     20.00   1.000   1.000     221.112     110.266    1.058     1.182    2.414      ✓
    182.98     20.00   1.000   1.000     249.679       0.000    1.061     1.061    3.204      ✓
    232.63     20.00   1.000   1.000     220.360     110.266    1.061     1.186    2.420      ✓
    308.31     15.00   1.000   1.000     185.546     261.371    1.063     1.327    1.790      ✓
    182.58     20.00   1.000   1.000     248.927       0.000    1.064     1.064    3.214      ✓
    233.03     20.00   1.000   1.000     219.609     110.266    1.064     1.190    2.425      ✓
    182.18     20.00   1.000   1.000     248.176       0.000    1.067     1.067    3.224      ✓
    233.43     20.00   1.000   1.000     218.857     110.266    1.068     1.194    2.431      ✓
    181.78     20.00   1.000   1.000     247.424       0.000    1.070     1.070    3.233      ✓
    308.71     15.00   1.000   1.000     183.764     261.371    1.070     1.337    1.797      ✓
    233.83     20.00   1.000   1.000     218.105     110.266    1.071     1.198    2.436      ✓
    181.38     20.00   1.000   1.000     246.672       0.000    1.074     1.074    3.243      ✓
    234.23     20.00   1.000   1.000     217.353     110.266    1.074     1.202    2.442      ✓
    180.98     20.00   1.000   1.000     245.920       0.000    1.077     1.077    3.253      ✓
    234.63     20.00   1.000   1.000     216.602     110.266    1.077     1.206    2.447      ✓
    309.11     15.00   1.000   1.000     181.982     261.371    1.078     1.348    1.804      ✓
    180.58     20.00   1.000   1.000     245.169       0.000    1.080     1.080    3.263      ✓
    235.04     20.00   1.000   1.000     215.850     110.266    1.081     1.210    2.453      ✓
    180.18     20.00   1.000   1.000     244.417       0.000    1.084     1.084    3.273      ✓
    235.44     20.00   1.000   1.000     215.098     110.266    1.084     1.214    2.459      ✓
    309.51     15.00   1.000   1.000     180.200     261.371    1.086     1.358    1.812      ✓
    179.78     20.00   1.000   1.000     243.665       0.000    1.087     1.087    3.283      ✓
    235.84     20.00   1.000   1.000     214.346     110.266    1.087     1.218    2.464      ✓
    179.38     20.00   1.000   1.000     242.913       0.000    1.090     1.090    3.293      ✓
    236.24     20.00   1.000   1.000     213.595     110.266    1.091     1.222    2.470      ✓
    309.91     15.00   1.000   1.000     178.418     261.371    1.093     1.369    1.819      ✓
    178.98     20.00   1.000   1.000     242.161       0.000    1.094     1.094    3.304      ✓
    236.64     20.00   1.000   1.000     212.843     110.266    1.094     1.226    2.476      ✓
    178.58     20.00   1.000   1.000     241.410       0.000    1.097     1.097    3.314      ✓
    237.04     20.00   1.000   1.000     212.091     110.266    1.098     1.231    2.482      ✓
    178.18     20.00   1.000   1.000     240.658       0.000    1.100     1.100    3.324      ✓
    237.44     20.00   1.000   1.000     211.339     110.266    1.101     1.235    2.488      ✓
    310.31     15.00   1.000   1.000     176.636     261.371    1.101     1.380    1.826      ✓
    177.78     20.00   1.000   1.000     239.906       0.000    1.104     1.104    3.335      ✓
    237.84     20.00   1.000   1.000     210.587     110.266    1.104     1.239    2.493      ✓
    177.38     20.00   1.000   1.000     239.154       0.000    1.107     1.107    3.345      ✓
    238.24     20.00   1.000   1.000     209.836     110.266    1.108     1.243    2.499      ✓
    310.71     15.00   1.000   1.000     174.854     261.371    1.109     1.391    1.834      ✓
    176.98     20.00   1.000   1.000     238.403       0.000    1.111     1.111    3.356      ✓
    238.64     20.00   1.000   1.000     209.084     110.266    1.111     1.248    2.505      ✓
    176.58     20.00   1.000   1.000     237.651       0.000    1.114     1.114    3.366      ✓
    239.04     20.00   1.000   1.000     208.332     110.266    1.115     1.252    2.511      ✓
    311.11     15.00   1.000   1.000     173.072     261.371    1.117     1.403    1.841      ✓
    176.18     20.00   1.000   1.000     236.899       0.000    1.118     1.118    3.377      ✓
    239.44     20.00   1.000   1.000     207.580     110.266    1.118     1.257    2.517      ✓
    175.78     20.00   1.000   1.000     236.147       0.000    1.121     1.121    3.388      ✓
    239.84     20.00   1.000   1.000     206.829     110.266    1.122     1.261    2.523      ✓
    175.38     20.00   1.000   1.000     235.396       0.000    1.125     1.125    3.399      ✓
    311.51     15.00   1.000   1.000     171.290     261.371    1.125     1.414    1.849      ✓
    240.24     20.00   1.000   1.000     206.077     110.266    1.126     1.265    2.529      ✓
    174.97     20.00   1.000   1.000     234.644       0.000    1.129     1.129    3.409      ✓
    240.64     20.00   1.000   1.000     205.325     110.266    1.129     1.270    2.535      ✓
    174.57     20.00   1.000   1.000     233.892       0.000    1.132     1.132    3.420      ✓
    241.04     20.00   1.000   1.000     204.573     110.266    1.133     1.274    2.541      ✓
    311.91     15.00   1.000   1.000     169.509     261.371    1.134     1.426    1.857      ✓
    174.17     20.00   1.000   1.000     233.140       0.000    1.136     1.136    3.431      ✓
    241.44     20.00   1.000   1.000     203.822     110.266    1.137     1.279    2.547      ✓
    173.77     20.00   1.000   1.000     232.389       0.000    1.140     1.140    3.443      ✓
    241.84     20.00   1.000   1.000     203.070     110.266    1.140     1.284    2.553      ✓
    312.31     15.00   1.000   1.000     167.727     261.371    1.142     1.438    1.864      ✓
    173.37     20.00   1.000   1.000     231.637       0.000    1.143     1.143    3.454      ✓
    242.24     20.00   1.000   1.000     202.318     110.266    1.144     1.288    2.559      ✓
    172.97     20.00   1.000   1.000     230.885       0.000    1.147     1.147    3.465      ✓
    242.64     20.00   1.000   1.000     201.566     110.266    1.148     1.293    2.565      ✓
    312.71     15.00   1.000   1.000     165.945     261.371    1.151     1.450    1.872      ✓
    172.57     20.00   1.000   1.000     230.133       0.000    1.151     1.151    3.476      ✓
    243.04     20.00   1.000   1.000     200.815     110.266    1.151     1.298    2.572      ✓
    172.17     20.00   1.000   1.000     229.382       0.000    1.155     1.155    3.488      ✓
    243.44     20.00   1.000   1.000     200.063     110.266    1.155     1.302    2.578      ✓
    171.77     20.00   1.000   1.000     228.630       0.000    1.158     1.158    3.499      ✓
    243.84     20.00   1.000   1.000     199.311     110.266    1.159     1.307    2.584      ✓
    313.11     15.00   1.000   1.000     164.163     261.371    1.160     1.462    1.880      ✓
    171.37     20.00   1.000   1.000     227.878       0.000    1.162     1.162    3.511      ✓
    244.24     20.00   1.000   1.000     198.559     110.266    1.163     1.312    2.590      ✓
    170.97     20.00   1.000   1.000     227.126       0.000    1.166     1.166    3.522      ✓
    244.64     20.00   1.000   1.000     197.808     110.266    1.167     1.317    2.597      ✓
    313.51     15.00   1.000   1.000     162.381     261.371    1.168     1.474    1.888      ✓
    170.57     20.00   1.000   1.000     226.374       0.000    1.170     1.170    3.534      ✓
    245.05     20.00   1.000   1.000     197.056     110.266    1.171     1.321    2.603      ✓
    170.17     20.00   1.000   1.000     225.623       0.000    1.174     1.174    3.546      ✓
    245.45     20.00   1.000   1.000     196.304     110.266    1.174     1.326    2.610      ✓
    313.91     15.00   1.000   1.000     160.599     261.371    1.177     1.487    1.896      ✓
    169.77     20.00   1.000   1.000     224.871       0.000    1.178     1.178    3.558      ✓
    245.85     20.00   1.000   1.000     195.552     110.266    1.178     1.331    2.616      ✓
    169.37     20.00   1.000   1.000     224.119       0.000    1.182     1.182    3.570      ✓
    246.25     20.00   1.000   1.000     194.800     110.266    1.182     1.336    2.622      ✓
    168.97     20.00   1.000   1.000     223.367       0.000    1.186     1.186    3.582      ✓
    246.65     20.00   1.000   1.000     194.049     110.266    1.186     1.341    2.629      ✓
    314.31     15.00   1.000   1.000     158.817     261.371    1.186     1.499    1.904      ✓
    168.57     20.00   1.000   1.000     222.616       0.000    1.190     1.190    3.594      ✓
    247.05     20.00   1.000   1.000     193.297     110.266    1.190     1.346    2.635      ✓
    168.17     20.00   1.000   1.000     221.864       0.000    1.194     1.194    3.606      ✓
    247.45     20.00   1.000   1.000     192.545     110.266    1.194     1.351    2.642      ✓
    314.71     15.00   1.000   1.000     157.035     261.371    1.196     1.512    1.912      ✓
    167.77     20.00   1.000   1.000     221.112       0.000    1.198     1.198    3.618      ✓
    247.85     20.00   1.000   1.000     191.793     110.266    1.198     1.357    2.648      ✓
    167.37     20.00   1.000   1.000     220.360       0.000    1.202     1.202    3.630      ✓
    248.25     20.00   1.000   1.000     191.042     110.266    1.202     1.362    2.655      ✓
    315.12     15.00   1.000   1.000     155.253     261.371    1.205     1.525    1.920      ✓
    166.97     20.00   1.000   1.000     219.609       0.000    1.206     1.206    3.643      ✓
    248.65     20.00   1.000   1.000     190.290     110.266    1.207     1.367    2.662      ✓
    166.57     20.00   1.000   1.000     218.857       0.000    1.210     1.210    3.655      ✓
    249.05     20.00   1.000   1.000     189.538     110.266    1.211     1.372    2.668      ✓
    166.17     20.00   1.000   1.000     218.105       0.000    1.214     1.214    3.668      ✓
    315.52     15.00   1.000   1.000     153.471     261.371    1.215     1.538    1.928      ✓
    249.45     20.00   1.000   1.000     188.786     110.266    1.215     1.377    2.675      ✓
    165.77     20.00   1.000   1.000     217.353       0.000    1.218     1.218    3.681      ✓
    249.85     20.00   1.000   1.000     188.035     110.266    1.219     1.383    2.682      ✓
    165.37     20.00   1.000   1.000     216.602       0.000    1.223     1.223    3.693      ✓
    250.25     20.00   1.000   1.000     187.283     110.266    1.223     1.388    2.689      ✓
    315.92     15.00   1.000   1.000     151.689     261.371    1.224     1.552    1.937      ✓
    164.96     20.00   1.000   1.000     215.850       0.000    1.227     1.227    3.706      ✓
    250.65     20.00   1.000   1.000     186.531     110.266    1.228     1.393    2.695      ✓
    164.56     20.00   1.000   1.000     215.098       0.000    1.231     1.231    3.719      ✓
    251.05     20.00   1.000   1.000     185.779     110.266    1.232     1.399    2.702      ✓
    316.32     15.00   1.000   1.000     149.907     261.371    1.234     1.566    1.945      ✓
     99.70     15.00   1.000   1.000     221.185       0.000    1.235     1.235    3.617      ✓
    164.16     20.00   1.000   1.000     214.346       0.000    1.236     1.236    3.732      ✓
    251.45     20.00   1.000   1.000     185.028     110.266    1.236     1.404    2.709      ✓
    163.76     20.00   1.000   1.000     213.595       0.000    1.240     1.240    3.745      ✓
    251.85     20.00   1.000   1.000     184.276     110.266    1.241     1.410    2.716      ✓
    316.72     15.00   1.000   1.000     148.125     261.371    1.244     1.579    1.954      ✓
    163.36     20.00   1.000   1.000     212.843       0.000    1.244     1.244    3.759      ✓
     99.30     15.00   1.000   1.000     219.403       0.000    1.245     1.245    3.646      ✓
    252.25     20.00   1.000   1.000     183.524     110.266    1.245     1.415    2.723      ✓
    162.96     20.00   1.000   1.000     212.091       0.000    1.249     1.249    3.772      ✓
    252.65     20.00   1.000   1.000     182.772     110.266    1.249     1.421    2.730      ✓
    162.56     20.00   1.000   1.000     211.339       0.000    1.253     1.253    3.785      ✓
    253.05     20.00   1.000   1.000     182.020     110.266    1.254     1.427    2.737      ✓
    317.12     15.00   1.000   1.000     146.343     261.371    1.254     1.593    1.962      ✓
     98.90     15.00   1.000   1.000     217.621       0.000    1.255     1.255    3.676      ✓
    162.16     20.00   1.000   1.000     210.587       0.000    1.258     1.258    3.799      ✓
    253.45     20.00   1.000   1.000     181.269     110.266    1.258     1.432    2.744      ✓
    161.76     20.00   1.000   1.000     209.836       0.000    1.262     1.262    3.813      ✓
    253.85     20.00   1.000   1.000     180.517     110.266    1.263     1.438    2.751      ✓
    317.52     15.00   1.000   1.000     144.561     261.371    1.265     1.608    1.971      ✓
     98.50     15.00   1.000   1.000     215.839       0.000    1.265     1.265    3.706      ✓
    161.36     20.00   1.000   1.000     209.084       0.000    1.267     1.267    3.826      ✓
    254.25     20.00   1.000   1.000     179.765     110.266    1.267     1.444    2.758      ✓
    160.96     20.00   1.000   1.000     208.332       0.000    1.271     1.271    3.840      ✓
    254.65     20.00   1.000   1.000     179.013     110.266    1.272     1.450    2.765      ✓
    317.92     15.00   1.000   1.000     142.779     261.371    1.275     1.622    1.979      ✓
    160.56     20.00   1.000   1.000     207.580       0.000    1.276     1.276    3.854      ✓
     98.10     15.00   1.000   1.000     214.057       0.000    1.276     1.276    3.737      ✓
    255.06     20.00   1.000   1.000     178.262     110.266    1.277     1.455    2.773      ✓
    160.16     20.00   1.000   1.000     206.829       0.000    1.280     1.280    3.868      ✓
    255.46     20.00   1.000   1.000     177.510     110.266    1.281     1.461    2.780      ✓
    159.76     20.00   1.000   1.000     206.077       0.000    1.285     1.285    3.882      ✓
    255.86     20.00   1.000   1.000     176.758     110.266    1.286     1.467    2.787      ✓
    318.32     15.00   1.000   1.000     140.997     261.371    1.286     1.637    1.988      ✓
     97.70     15.00   1.000   1.000     212.275       0.000    1.287     1.287    3.769      ✓
    159.36     20.00   1.000   1.000     205.325       0.000    1.290     1.290    3.896      ✓
    256.26     20.00   1.000   1.000     176.006     110.266    1.291     1.473    2.795      ✓
    158.96     20.00   1.000   1.000     204.573       0.000    1.295     1.295    3.911      ✓
    256.66     20.00   1.000   1.000     175.255     110.266    1.295     1.479    2.802      ✓
    318.72     15.00   1.000   1.000     139.215     261.371    1.297     1.652    1.997      ✓
     97.30     15.00   1.000   1.000     210.494       0.000    1.298     1.298    3.801      ✓
    158.56     20.00   1.000   1.000     203.822       0.000    1.299     1.299    3.925      ✓
    257.06     20.00   1.000   1.000     174.503     110.266    1.300     1.486    2.809      ✓
    158.16     20.00   1.000   1.000     203.070       0.000    1.304     1.304    3.940      ✓
    257.46     20.00   1.000   1.000     173.751     110.266    1.305     1.492    2.817      ✓
    319.12     15.00   1.000   1.000     137.433     261.371    1.308     1.667    2.006      ✓
     96.90     15.00   1.000   1.000     208.712       0.000    1.309     1.309    3.833      ✓
    157.76     20.00   1.000   1.000     202.318       0.000    1.309     1.309    3.954      ✓
    257.86     20.00   1.000   1.000     172.999     110.266    1.310     1.498    2.824      ✓
    157.36     20.00   1.000   1.000     201.566       0.000    1.314     1.314    3.969      ✓
    258.26     20.00   1.000   1.000     172.248     110.266    1.315     1.504    2.832      ✓
    156.96     20.00   1.000   1.000     200.815       0.000    1.319     1.319    3.984      ✓
    319.52     15.00   1.000   1.000     135.651     261.371    1.319     1.682    2.015      ✓
    258.66     20.00   1.000   1.000     171.496     110.266    1.320     1.510    2.839      ✓
     96.50     15.00   1.000   1.000     206.930       0.000    1.320     1.320    3.866      ✓
    156.56     20.00   1.000   1.000     200.063       0.000    1.324     1.324    3.999      ✓
    259.06     20.00   1.000   1.000     170.744     110.266    1.325     1.517    2.847      ✓
    156.16     20.00   1.000   1.000     199.311       0.000    1.329     1.329    4.014      ✓
    259.46     20.00   1.000   1.000     169.992     110.266    1.330     1.523    2.855      ✓
    319.92     15.00   1.000   1.000     133.869     261.371    1.331     1.698    2.024      ✓
     96.10     15.00   1.000   1.000     205.148       0.000    1.331     1.331    3.900      ✓
    155.76     20.00   1.000   1.000     198.559       0.000    1.334     1.334    4.029      ✓
    259.86     20.00   1.000   1.000     169.241     110.266    1.335     1.530    2.862      ✓
    155.36     20.00   1.000   1.000     197.808       0.000    1.339     1.339    4.044      ✓
    260.26     20.00   1.000   1.000     168.489     110.266    1.340     1.536    2.870      ✓
    320.32     15.00   1.000   1.000     132.087     261.371    1.342     1.713    2.033      ✓
     95.70     15.00   1.000   1.000     203.366       0.000    1.343     1.343    3.934      ✓
    154.95     20.00   1.000   1.000     197.056       0.000    1.344     1.344    4.060      ✓
    260.66     20.00   1.000   1.000     167.737     110.266    1.345     1.543    2.878      ✓
    154.55     20.00   1.000   1.000     196.304       0.000    1.349     1.349    4.075      ✓
    261.06     20.00   1.000   1.000     166.985     110.266    1.350     1.549    2.885      ✓
    320.72     15.00   1.000   1.000     130.306     261.371    1.354     1.729    2.043      ✓
    154.15     20.00   1.000   1.000     195.552       0.000    1.354     1.354    4.091      ✓
     95.30     15.00   1.000   1.000     201.584       0.000    1.355     1.355    3.969      ✓
    261.46     20.00   1.000   1.000     166.233     110.266    1.355     1.556    2.893      ✓
    153.75     20.00   1.000   1.000     194.800       0.000    1.360     1.360    4.107      ✓
    261.86     20.00   1.000   1.000     165.482     110.266    1.360     1.563    2.901      ✓
    153.35     20.00   1.000   1.000     194.049       0.000    1.365     1.365    4.123      ✓
    262.26     20.00   1.000   1.000     164.730     110.266    1.366     1.570    2.909      ✓
    321.12     15.00   1.000   1.000     128.524     261.371    1.366     1.746    2.052      ✓
     94.89     15.00   1.000   1.000     199.802       0.000    1.367     1.367    4.004      ✓
    152.95     20.00   1.000   1.000     193.297       0.000    1.370     1.370    4.139      ✓
    262.66     20.00   1.000   1.000     163.978     110.266    1.371     1.576    2.917      ✓
    152.55     20.00   1.000   1.000     192.545       0.000    1.375     1.375    4.155      ✓
    263.06     20.00   1.000   1.000     163.226     110.266    1.376     1.583    2.925      ✓
    321.52     15.00   1.000   1.000     126.742     261.371    1.379     1.762    2.061      ✓
     94.49     15.00   1.000   1.000     198.020       0.000    1.379     1.379    4.040      ✓
    152.15     20.00   1.000   1.000     191.793       0.000    1.381     1.381    4.171      ✓
    263.46     20.00   1.000   1.000     162.475     110.266    1.382     1.590    2.933      ✓
    151.75     20.00   1.000   1.000     191.042       0.000    1.386     1.386    4.188      ✓
    263.86     20.00   1.000   1.000     161.723     110.266    1.387     1.597    2.941      ✓
    321.92     15.00   1.000   1.000     124.960     261.371    1.391     1.779    2.071      ✓
    151.35     20.00   1.000   1.000     190.290       0.000    1.392     1.392    4.204      ✓
     94.09     15.00   1.000   1.000     196.238       0.000    1.392     1.392    4.077      ✓
    264.26     20.00   1.000   1.000     160.971     110.266    1.393     1.605    2.949      ✓
    150.95     20.00   1.000   1.000     189.538       0.000    1.397     1.397    4.221      ✓
    264.66     20.00   1.000   1.000     160.219     110.266    1.398     1.612    2.958      ✓
    150.55     20.00   1.000   1.000     188.786       0.000    1.403     1.403    4.238      ✓
    265.07     20.00   1.000   1.000     159.468     110.266    1.404     1.619    2.966      ✓
    322.32     15.00   1.000   1.000     123.178     261.371    1.404     1.796    2.080      ✓
     93.69     15.00   1.000   1.000     194.456       0.000    1.405     1.405    4.114      ✓
    150.15     20.00   1.000   1.000     188.035       0.000    1.408     1.408    4.255      ✓
    265.47     20.00   1.000   1.000     158.716     110.266    1.409     1.626    2.974      ✓
    149.75     20.00   1.000   1.000     187.283       0.000    1.414     1.414    4.272      ✓
    265.87     20.00   1.000   1.000     157.964     110.266    1.415     1.634    2.983      ✓
    322.72     15.00   1.000   1.000     121.396     261.371    1.417     1.813    2.090      ✓
     93.29     15.00   1.000   1.000     192.674       0.000    1.418     1.418    4.152      ✓
    149.35     20.00   1.000   1.000     186.531       0.000    1.420     1.420    4.289      ✓
    266.27     20.00   1.000   1.000     157.212     110.266    1.421     1.641    2.991      ✓
    148.95     20.00   1.000   1.000     185.779       0.000    1.426     1.426    4.306      ✓
    266.67     20.00   1.000   1.000     156.461     110.266    1.426     1.648    2.999      ✓
    323.12     15.00   1.000   1.000     119.614     261.371    1.430     1.830    2.100      ✓
     92.89     15.00   1.000   1.000     190.892       0.000    1.431     1.431    4.191      ✓
    148.55     20.00   1.000   1.000     185.028       0.000    1.431     1.431    4.324      ✓
    267.07     20.00   1.000   1.000     155.709     110.266    1.432     1.656    3.008      ✓
    148.15     20.00   1.000   1.000     184.276       0.000    1.437     1.437    4.341      ✓
    267.47     20.00   1.000   1.000     154.957     110.266    1.438     1.664    3.016      ✓
    147.75     20.00   1.000   1.000     183.524       0.000    1.443     1.443    4.359      ✓
    323.52     15.00   1.000   1.000     117.832     261.371    1.443     1.848    2.110      ✓
    267.87     20.00   1.000   1.000     154.205     110.266    1.444     1.671    3.025      ✓
     92.49     15.00   1.000   1.000     189.110       0.000    1.444     1.444    4.230      ✓
    147.35     20.00   1.000   1.000     182.772       0.000    1.449     1.449    4.377      ✓
    268.27     20.00   1.000   1.000     153.454     110.266    1.450     1.679    3.034      ✓
    146.95     20.00   1.000   1.000     182.020       0.000    1.455     1.455    4.395      ✓
    268.67     20.00   1.000   1.000     152.702     110.266    1.456     1.687    3.042      ✓
    323.92     15.00   1.000   1.000     116.050     261.371    1.457     1.866    2.120      ✓
     92.09     15.00   1.000   1.000     187.328       0.000    1.458     1.458    4.271      ✓
    146.55     20.00   1.000   1.000     181.269       0.000    1.461     1.461    4.413      ✓
    269.07     20.00   1.000   1.000     151.950     110.266    1.462     1.695    3.051      ✓
    146.15     20.00   1.000   1.000     180.517       0.000    1.467     1.467    4.432      ✓
    269.47     20.00   1.000   1.000     151.198     110.266    1.468     1.703    3.060      ✓
    324.32     15.00   1.000   1.000     114.268     261.371    1.471     1.884    2.130      ✓
     91.69     15.00   1.000   1.000     185.546       0.000    1.472     1.472    4.312      ✓
    145.75     20.00   1.000   1.000     179.765       0.000    1.473     1.473    4.450      ✓
    269.87     20.00   1.000   1.000     150.446     110.266    1.474     1.711    3.069      ✓
    145.35     20.00   1.000   1.000     179.013       0.000    1.479     1.479    4.469      ✓
    270.27     20.00   1.000   1.000     149.695     110.266    1.480     1.719    3.077      ✓
    324.72     15.00   1.000   1.000     112.486     261.371    1.485     1.902    2.140      ✓
    144.94     20.00   1.000   1.000     178.262       0.000    1.486     1.486    4.488      ✓
     91.29     15.00   1.000   1.000     183.764       0.000    1.486     1.486    4.353      ✓
    270.67     20.00   1.000   1.000     148.943     110.266    1.487     1.727    3.086      ✓
    144.54     20.00   1.000   1.000     177.510       0.000    1.492     1.492    4.507      ✓
    271.07     20.00   1.000   1.000     148.191     110.266    1.493     1.735    3.095      ✓
    144.14     20.00   1.000   1.000     176.758       0.000    1.498     1.498    4.526      ✓
    271.47     20.00   1.000   1.000     147.439     110.266    1.499     1.744    3.104      ✓
    325.13     15.00   1.000   1.000     110.704     261.371    1.500     1.921    2.150      ✓
     90.89     15.00   1.000   1.000     181.982       0.000    1.501     1.501    4.396      ✓
    143.74     20.00   1.000   1.000     176.006       0.000    1.505     1.505    4.545      ✓
    271.87     20.00   1.000   1.000     146.688     110.266    1.506     1.752    3.113      ✓
    143.34     20.00   1.000   1.000     175.255       0.000    1.511     1.511    4.565      ✓
    272.27     20.00   1.000   1.000     145.936     110.266    1.512     1.761    3.123      ✓
    325.53     15.00   1.000   1.000     108.922     261.371    1.515     1.940    2.160      ✓
     90.49     15.00   1.000   1.000     180.200       0.000    1.516     1.516    4.440      ✓
    142.94     20.00   1.000   1.000     174.503       0.000    1.518     1.518    4.584      ✓
    272.67     20.00   1.000   1.000     145.184     110.266    1.519     1.769    3.132      ✓
    142.54     20.00   1.000   1.000     173.751       0.000    1.524     1.524    4.604      ✓
    273.07     20.00   1.000   1.000     144.432     110.266    1.525     1.778    3.141      ✓
    325.93     15.00   1.000   1.000     107.140     261.371    1.530     1.959    2.171      ✓
     90.09     15.00   1.000   1.000     178.418       0.000    1.531     1.531    4.484      ✓
    142.14     20.00   1.000   1.000     172.999       0.000    1.531     1.531    4.624      ✓
    273.47     20.00   1.000   1.000     143.681     110.266    1.532     1.786    3.150      ✓
    141.74     20.00   1.000   1.000     172.248       0.000    1.538     1.538    4.644      ✓
    273.87     20.00   1.000   1.000     142.929     110.266    1.539     1.795    3.160      ✓
    141.34     20.00   1.000   1.000     171.496       0.000    1.544     1.544    4.665      ✓
    326.33     15.00   1.000   1.000     105.358     261.371    1.545     1.978    2.181      ✓
    274.27     20.00   1.000   1.000     142.177     110.266    1.545     1.804    3.169      ✓
     89.69     15.00   1.000   1.000     176.636       0.000    1.546     1.546    4.529      ✓
    140.94     20.00   1.000   1.000     170.744       0.000    1.551     1.551    4.685      ✓
    274.67     20.00   1.000   1.000     141.425     110.266    1.552     1.813    3.178      ✓
    140.54     20.00   1.000   1.000     169.992       0.000    1.558     1.558    4.706      ✓
    275.08     20.00   1.000   1.000     140.674     110.266    1.559     1.822    3.188      ✓
    326.73     15.00   1.000   1.000     103.576     261.371    1.561     1.998    2.192      ✓
     89.29     15.00   1.000   1.000     174.854       0.000    1.562     1.562    4.575      ✓
    140.14     20.00   1.000   1.000     169.241       0.000    1.565     1.565    4.727      ✓
    275.48     20.00   1.000   1.000     139.922     110.266    1.566     1.831    3.198      ✓
    139.74     20.00   1.000   1.000     168.489       0.000    1.572     1.572    4.748      ✓
    275.88     20.00   1.000   1.000     139.170     110.266    1.573     1.841    3.207      ✓
    327.13     15.00   1.000   1.000     101.794     261.371    1.577     2.018    2.203      ✓
     88.89     15.00   1.000   1.000     173.072       0.000    1.578     1.578    4.622      ✓
    139.34     20.00   1.000   1.000     167.737       0.000    1.579     1.579    4.769      ✓
    276.28     20.00   1.000   1.000     138.418     110.266    1.580     1.850    3.217      ✓
    138.94     20.00   1.000   1.000     166.985       0.000    1.586     1.586    4.791      ✓
    276.68     20.00   1.000   1.000     137.667     110.266    1.587     1.860    3.227      ✓
    138.54     20.00   1.000   1.000     166.233       0.000    1.593     1.593    4.813      ✓
    327.53     15.00   1.000   1.000     100.012     261.371    1.593     2.038    2.214      ✓
    277.08     20.00   1.000   1.000     136.915     110.266    1.594     1.869    3.237      ✓
     88.49     15.00   1.000   1.000     171.290       0.000    1.594     1.594    4.670      ✓
    138.14     20.00   1.000   1.000     165.482       0.000    1.600     1.600    4.834      ✓
    277.48     20.00   1.000   1.000     136.163     110.266    1.602     1.879    3.246      ✓
    137.74     20.00   1.000   1.000     164.730       0.000    1.608     1.608    4.856      ✓
    277.88     20.00   1.000   1.000     135.411     110.266    1.609     1.888    3.256      ✓
    327.93     15.00   1.000   1.000      98.230     261.371    1.610     2.058    2.225      ✓
     88.09     15.00   1.000   1.000     169.509       0.000    1.611     1.611    4.720      ✓
    137.34     20.00   1.000   1.000     163.978       0.000    1.615     1.615    4.879      ✓
    278.28     20.00   1.000   1.000     134.659     110.266    1.616     1.898    3.266      ✓
    136.94     20.00   1.000   1.000     163.226       0.000    1.623     1.623    4.901      ✓
    278.68     20.00   1.000   1.000     133.908     110.266    1.624     1.908    3.276      ✓
    328.33     15.00   1.000   1.000      96.448     261.371    1.627     2.079    2.236      ✓
     87.69     15.00   1.000   1.000     167.727       0.000    1.628     1.628    4.770      ✓
    136.54     20.00   1.000   1.000     162.475       0.000    1.630     1.630    4.924      ✓
    279.08     20.00   1.000   1.000     133.156     110.266    1.631     1.918    3.286      ✓
    136.14     20.00   1.000   1.000     161.723       0.000    1.638     1.638    4.947      ✓
    279.48     20.00   1.000   1.000     132.404     110.266    1.639     1.928    3.297      ✓
    328.73     15.00   1.000   1.000      94.666     261.371    1.645     2.099    2.247      ✓
    135.74     20.00   1.000   1.000     160.971       0.000    1.645     1.645    4.970      ✓
     87.29     15.00   1.000   1.000     165.945       0.000    1.646     1.646    4.821      ✓
    279.88     20.00   1.000   1.000     131.652     110.266    1.646     1.939    3.307      ✓
    135.34     20.00   1.000   1.000     160.219       0.000    1.653     1.653    4.993      ✓
    280.28     20.00   1.000   1.000     130.901     110.266    1.654     1.949    3.317      ✓
    134.93     20.00   1.000   1.000     159.468       0.000    1.661     1.661    5.017      ✓
    280.68     20.00   1.000   1.000     130.149     110.266    1.662     1.959    3.328      ✓
    329.13     15.00   1.000   1.000      92.884     261.371    1.663     2.120    2.258      ✓
     86.89     15.00   1.000   1.000     164.163       0.000    1.664     1.664    4.873      ✓
    134.53     20.00   1.000   1.000     158.716       0.000    1.669     1.669    5.040      ✓
    281.08     20.00   1.000   1.000     129.397     110.266    1.670     1.970    3.338      ✓
    134.13     20.00   1.000   1.000     157.964       0.000    1.677     1.677    5.064      ✓
    281.48     20.00   1.000   1.000     128.645     110.266    1.678     1.980    3.349      ✓
    329.53     15.00   1.000   1.000      91.102     261.371    1.681     2.142    2.270      ✓
     86.49     15.00   1.000   1.000     162.381       0.000    1.682     1.682    4.927      ✓
    133.73     20.00   1.000   1.000     157.212       0.000    1.685     1.685    5.089      ✓
    281.88     20.00   1.000   1.000     127.894     110.266    1.686     1.991    3.359      ✓
    133.33     20.00   1.000   1.000     156.461       0.000    1.693     1.693    5.113      ✓
    282.28     20.00   1.000   1.000     127.142     110.266    1.694     2.002    3.370      ✓
    329.93     15.00   1.000   1.000      89.321     261.371    1.699     2.163    2.281      ✓
     86.09     15.00   1.000   1.000     160.599       0.000    1.701     1.701    4.981      ✓
    132.93     20.00   1.000   1.000     155.709       0.000    1.701     1.701    5.138      ✓
    282.68     20.00   1.000   1.000     126.390     110.266    1.702     2.013    3.380      ✓
    132.53     20.00   1.000   1.000     154.957       0.000    1.709     1.709    5.163      ✓
    283.08     20.00   1.000   1.000     125.638     110.266    1.710     2.024    3.391      ✓
    132.13     20.00   1.000   1.000     154.205       0.000    1.717     1.717    5.188      ✓
    330.33     15.00   1.000   1.000      87.539     261.371    1.719     2.185    2.293      ✓
    283.48     20.00   1.000   1.000     124.887     110.266    1.719     2.035    3.402      ✓
     85.69     15.00   1.000   1.000     158.817       0.000    1.720     1.720    5.037      ✓
    131.73     20.00   1.000   1.000     153.454       0.000    1.726     1.726    5.213      ✓
    283.88     20.00   1.000   1.000     124.135     110.266    1.727     2.047    3.413      ✓
    131.33     20.00   1.000   1.000     152.702       0.000    1.734     1.734    5.239      ✓
    284.28     20.00   1.000   1.000     123.383     110.266    1.736     2.058    3.424      ✓
    330.73     15.00   1.000   1.000      85.757     261.371    1.738     2.207    2.305      ✓
     85.29     15.00   1.000   1.000     157.035       0.000    1.739     1.739    5.094      ✓
    130.93     20.00   1.000   1.000     151.950       0.000    1.743     1.743    5.265      ✓
    284.68     20.00   1.000   1.000     122.631     110.266    1.744     2.070    3.435      ✓
    130.53     20.00   1.000   1.000     151.198       0.000    1.752     1.752    5.291      ✓
    285.09     20.00   1.000   1.000     121.879     110.266    1.753     2.082    3.446      ✓
    331.13     15.00   1.000   1.000      83.975     261.371    1.758     2.229    2.317      ✓
     84.88     15.00   1.000   1.000     155.253       0.000    1.759     1.759    5.153      ✓
    130.13     20.00   1.000   1.000     150.446       0.000    1.760     1.760    5.318      ✓
    285.49     20.00   1.000   1.000     121.128     110.266    1.762     2.093    3.457      ✓
    129.73     20.00   1.000   1.000     149.695       0.000    1.769     1.769    5.344      ✓
    285.89     20.00   1.000   1.000     120.376     110.266    1.771     2.105    3.469      ✓
    129.33     20.00   1.000   1.000     148.943       0.000    1.778     1.778    5.371      ✓
    331.53     15.00   1.000   1.000      82.193     261.371    1.778     2.251    2.329      ✓
    286.29     20.00   1.000   1.000     119.624     110.266    1.780     2.118    3.480      ✓
     84.48     15.00   1.000   1.000     153.471       0.000    1.780     1.780    5.213      ✓
    128.93     20.00   1.000   1.000     148.191       0.000    1.787     1.787    5.398      ✓
    286.69     20.00   1.000   1.000     118.872     110.266    1.789     2.130    3.491      ✓
    128.53     20.00   1.000   1.000     147.439       0.000    1.796     1.796    5.426      ✓
    287.09     20.00   1.000   1.000     118.121     110.266    1.798     2.142    3.503      ✓
    331.93     15.00   1.000   1.000      80.411     261.371    1.799     2.274    2.341      ✓
     84.08     15.00   1.000   1.000     151.689       0.000    1.801     1.801    5.274      ✓
    128.13     20.00   1.000   1.000     146.688       0.000    1.805     1.805    5.454      ✓
    287.49     20.00   1.000   1.000     117.369     110.266    1.807     2.155    3.514      ✓
    127.73     20.00   1.000   1.000     145.936       0.000    1.815     1.815    5.482      ✓
    287.89     20.00   1.000   1.000     116.617     110.266    1.816     2.167    3.526      ✓
    332.33     15.00   1.000   1.000      78.629     261.371    1.821     2.296    2.353      ✓
     83.68     15.00   1.000   1.000     149.907       0.000    1.822     1.822    5.337      ✓
    127.33     20.00   1.000   1.000     145.184       0.000    1.824     1.824    5.510      ✓
    288.29     20.00   1.000   1.000     115.865     110.266    1.826     2.180    3.538      ✓
    126.93     20.00   1.000   1.000     144.432       0.000    1.834     1.834    5.539      ✓
    288.69     20.00   1.000   1.000     115.114     110.266    1.835     2.193    3.550      ✓
    332.73     15.00   1.000   1.000      76.847     261.371    1.843     2.319    2.365      ✓
    126.53     20.00   1.000   1.000     143.681       0.000    1.843     1.843    5.568      ✓
     83.28     15.00   1.000   1.000     148.125       0.000    1.844     1.844    5.401      ✓
    289.09     20.00   1.000   1.000     114.362     110.266    1.845     2.206    3.561      ✓
    126.13     20.00   1.000   1.000     142.929       0.000    1.853     1.853    5.597      ✓
    289.49     20.00   1.000   1.000     113.610     110.266    1.854     2.219    3.573      ✓
    125.73     20.00   1.000   1.000     142.177       0.000    1.863     1.863    5.627      ✓
    289.89     20.00   1.000   1.000     112.858     110.266    1.864     2.233    3.585      ✓
    333.13     15.00   1.000   1.000      75.065     261.371    1.865     2.342    2.378      ✓
     82.88     15.00   1.000   1.000     146.343       0.000    1.866     1.866    5.467      ✓
    125.33     20.00   1.000   1.000     141.425       0.000    1.873     1.873    5.657      ✓
    290.29     20.00   1.000   1.000     112.107     110.266    1.874     2.246    3.598      ✓
    124.92     20.00   1.000   1.000     140.674       0.000    1.883     1.883    5.687      ✓
    290.69     20.00   1.000   1.000     111.355     110.266    1.884     2.260    3.610      ✓
    333.53     15.00   1.000   1.000      73.283     261.371    1.888     2.365    2.391      ✓
     82.48     15.00   1.000   1.000     144.561       0.000    1.889     1.889    5.534      ✓
    124.52     20.00   1.000   1.000     139.922       0.000    1.893     1.893    5.717      ✓
    291.09     20.00   1.000   1.000     110.603     110.266    1.894     2.274    3.622      ✓
    124.12     20.00   1.000   1.000     139.170       0.000    1.903     1.903    5.748      ✓
    291.49     20.00   1.000   1.000     109.851     110.266    1.905     2.288    3.634      ✓
    333.93     15.00   1.000   1.000      71.501     261.371    1.911     2.389    2.403      ✓
     82.08     15.00   1.000   1.000     142.779       0.000    1.913     1.913    5.603      ✓
    123.72     20.00   1.000   1.000     138.418       0.000    1.913     1.913    5.780      ✓
    291.89     20.00   1.000   1.000     109.100     110.266    1.915     2.302    3.647      ✓
    123.32     20.00   1.000   1.000     137.667       0.000    1.924     1.924    5.811      ✓
    292.29     20.00   1.000   1.000     108.348     110.266    1.925     2.316    3.659      ✓
    122.92     20.00   1.000   1.000     136.915       0.000    1.934     1.934    5.843      ✓
    334.33     15.00   1.000   1.000      69.719     261.371    1.936     2.412    2.416      ✓
    292.69     20.00   1.000   1.000     107.596     110.266    1.936     2.331    3.672      ✓
     81.68     15.00   1.000   1.000     140.997       0.000    1.937     1.937    5.674      ✓
    122.52     20.00   1.000   1.000     136.163       0.000    1.945     1.945    5.875      ✓
    293.09     20.00   1.000   1.000     106.844     110.266    1.947     2.346    3.685      ✓
    122.12     20.00   1.000   1.000     135.411       0.000    1.956     1.956    5.908      ✓
    293.49     20.00   1.000   1.000     106.092     110.266    1.957     2.360    3.698      ✓
    334.73     15.00   1.000   1.000      67.937     261.371    1.960     2.435    2.429      ✓
     81.28     15.00   1.000   1.000     139.215       0.000    1.962     1.962    5.746      ✓
    121.72     20.00   1.000   1.000     134.659       0.000    1.967     1.967    5.941      ✓
    293.89     20.00   1.000   1.000     105.341     110.266    1.968     2.376    3.710      ✓
    121.32     20.00   1.000   1.000     133.908       0.000    1.978     1.978    5.974      ✓
    294.29     20.00   1.000   1.000     104.589     110.266    1.979     2.391    3.723      ✓
    335.14     15.00   1.000   1.000      66.155     261.371    1.986     2.459    2.443      ✓
     80.88     15.00   1.000   1.000     137.433       0.000    1.987     1.987    5.821      ✓
    120.92     20.00   1.000   1.000     133.156       0.000    1.989     1.989    6.008      ✓
    294.69     20.00   1.000   1.000     103.837     110.266    1.991     2.406    3.737      ✓
    120.52     20.00   1.000   1.000     132.404       0.000    2.000     2.000    6.042      ✓
    295.10     20.00   1.000   1.000     103.085     110.266    2.002     2.422    3.750      ✓
    120.12     20.00   1.000   1.000     131.652       0.000    2.012     2.012    6.077      ✓
    335.54     15.00   1.000   1.000      64.373     261.371    2.012     2.482    2.456      ✓
     80.48     15.00   1.000   1.000     135.651       0.000    2.013     2.013    5.897      ✓
    295.50     20.00   1.000   1.000     102.334     110.266    2.013     2.438    3.763      ✓
    119.72     20.00   1.000   1.000     130.901       0.000    2.023     2.023    6.112      ✓
    295.90     20.00   1.000   1.000     101.582     110.266    2.025     2.454    3.776      ✓
    119.32     20.00   1.000   1.000     130.149       0.000    2.035     2.035    6.147      ✓
    296.30     20.00   1.000   1.000     100.830     110.266    2.037     2.470    3.790      ✓
    335.94     15.00   1.000   1.000      62.591     261.371    2.039     2.506    2.469      ✓
     80.08     15.00   1.000   1.000     133.869       0.000    2.040     2.040    5.976      ✓
    118.92     20.00   1.000   1.000     129.397       0.000    2.047     2.047    6.183      ✓
    296.70     20.00   1.000   1.000     100.078     110.266    2.049     2.486    3.803      ✓
    118.52     20.00   1.000   1.000     128.645       0.000    2.059     2.059    6.219      ✓
    297.10     20.00   1.000   1.000      99.327     110.266    2.061     2.503    3.817      ✓
    336.34     15.00   1.000   1.000      60.809     261.371    2.066     2.529    2.483      ✓
     79.68     15.00   1.000   1.000     132.087       0.000    2.068     2.068    6.057      ✓
    118.12     20.00   1.000   1.000     127.894       0.000    2.071     2.071    6.255      ✓
    297.50     20.00   1.000   1.000      98.575     110.266    2.073     2.519    3.831      ✓
    117.72     20.00   1.000   1.000     127.142       0.000    2.083     2.083    6.292      ✓
    297.90     20.00   1.000   1.000      97.823     110.266    2.085     2.536    3.845      ✓
    336.74     15.00   1.000   1.000      59.027     261.371    2.094     2.553    2.497      ✓
    117.32     20.00   1.000   1.000     126.390       0.000    2.095     2.095    6.330      ✓
     79.28     15.00   1.000   1.000     130.306       0.000    2.096     2.096    6.139      ✓
    298.30     20.00   1.000   1.000      97.071     110.266    2.097     2.554    3.858      ✓
    116.92     20.00   1.000   1.000     125.638       0.000    2.108     2.108    6.367      ✓
    298.70     20.00   1.000   1.000      96.320     110.266    2.110     2.571    3.872      ✓
    116.52     20.00   1.000   1.000     124.887       0.000    2.121     2.121    6.406      ✓
    299.10     20.00   1.000   1.000      95.568     110.266    2.123     2.589    3.887      ✓
    337.14     15.00   1.000   1.000      57.245     261.371    2.123     2.576    2.511      ✓
     78.88     15.00   1.000   1.000     128.524       0.000    2.125     2.125    6.225      ✓
    116.12     20.00   1.000   1.000     124.135       0.000    2.133     2.133    6.445      ✓
    299.50     20.00   1.000   1.000      94.816     110.266    2.135     2.607    3.901      ✓
    115.72     20.00   1.000   1.000     123.383       0.000    2.146     2.146    6.484      ✓
    299.90     20.00   1.000   1.000      94.064     110.266    2.149     2.625    3.915      ✓
    337.54     15.00   1.000   1.000      55.463     261.371    2.153     2.600    2.525      ✓
     78.48     15.00   1.000   1.000     126.742       0.000    2.155     2.155    6.312      ✓
    115.32     20.00   1.000   1.000     122.631       0.000    2.160     2.160    6.524      ✓
    114.91     20.00   1.000   1.000     121.879       0.000    2.173     2.173    6.564      ✓
    337.94     15.00   1.000   1.000      53.681     261.371    2.184     2.623    2.539      ✓
     78.08     15.00   1.000   1.000     124.960       0.000    2.186     2.186    6.402      ✓
    114.51     20.00   1.000   1.000     121.128       0.000    2.186     2.186    6.605      ✓
    114.11     20.00   1.000   1.000     120.376       0.000    2.200     2.200    6.646      ✓
    113.71     20.00   1.000   1.000     119.624       0.000    2.214     2.214    6.688      ✓
    338.34     15.00   1.000   1.000      51.899     261.371    2.215     2.646    2.554      ✓
     77.68     15.00   1.000   1.000     123.178       0.000    2.217     2.217    6.495      ✓
    113.31     20.00   1.000   1.000     118.872       0.000    2.228     2.228    6.730      ✓
    112.91     20.00   1.000   1.000     118.121       0.000    2.242     2.242    6.773      ✓
    338.74     15.00   1.000   1.000      50.118     261.371    2.248     2.669    2.568      ✓
     77.28     15.00   1.000   1.000     121.396       0.000    2.250     2.250    6.590      ✓
    112.51     20.00   1.000   1.000     117.369       0.000    2.256     2.256    6.816      ✓
    112.11     20.00   1.000   1.000     116.617       0.000    2.271     2.271    6.860      ✓
    339.14     15.00   1.000   1.000      48.336     261.371    2.281     2.691    2.583      ✓
     76.88     15.00   1.000   1.000     119.614       0.000    2.283     2.283    6.688      ✓
    111.71     20.00   1.000   1.000     115.865       0.000    2.286     2.286    6.905      ✓
    111.31     20.00   1.000   1.000     115.114       0.000    2.301     2.301    6.950      ✓
    339.54     15.00   1.000   1.000      46.554     261.371    2.316     2.714    2.598      ✓
    110.91     20.00   1.000   1.000     114.362       0.000    2.316     2.316    6.995      ✓
     76.48     15.00   1.000   1.000     117.832       0.000    2.318     2.318    6.789      ✓
    110.51     20.00   1.000   1.000     113.610       0.000    2.331     2.331    7.042      ✓
    110.11     20.00   1.000   1.000     112.858       0.000    2.347     2.347    7.089      ✓
    339.94     15.00   1.000   1.000      44.772     261.371    2.351     2.736    2.613      ✓
     76.08     15.00   1.000   1.000     116.050       0.000    2.353     2.353    6.894      ✓
    109.71     20.00   1.000   1.000     112.107       0.000    2.362     2.362    7.136      ✓
    109.31     20.00   1.000   1.000     111.355       0.000    2.378     2.378    7.184      ✓
    340.34     15.00   1.000   1.000      42.990     261.371    2.388     2.757    2.628      ✓
     75.68     15.00   1.000   1.000     114.268       0.000    2.390     2.390    7.001      ✓
    108.91     20.00   1.000   1.000     110.603       0.000    2.395     2.395    7.233      ✓
    108.51     20.00   1.000   1.000     109.851       0.000    2.411     2.411    7.283      ✓
    340.74     15.00   1.000   1.000      41.208     261.371    2.426     2.779    2.644      ✓
    108.11     20.00   1.000   1.000     109.100       0.000    2.428     2.428    7.333      ✓
     75.28     15.00   1.000   1.000     112.486       0.000    2.428     2.428    7.112      ✓
    107.71     20.00   1.000   1.000     108.348       0.000    2.444     2.444    7.384      ✓
    107.31     20.00   1.000   1.000     107.596       0.000    2.461     2.461    7.435      ✓
    341.14     15.00   1.000   1.000      39.426     261.371    2.465     2.800    2.660      ✓
     74.87     15.00   1.000   1.000     110.704       0.000    2.467     2.467    7.226      ✓
    106.91     20.00   1.000   1.000     106.844       0.000    2.479     2.479    7.488      ✓
    106.51     20.00   1.000   1.000     106.092       0.000    2.496     2.496    7.541      ✓
    341.54     15.00   1.000   1.000      37.644     261.371    2.505     2.820    2.675      ✓
     74.47     15.00   1.000   1.000     108.922       0.000    2.507     2.507    7.345      ✓
    106.11     20.00   1.000   1.000     105.341       0.000    2.514     2.514    7.594      ✓
    105.71     20.00   1.000   1.000     104.589       0.000    2.532     2.532    7.649      ✓
    341.94     15.00   1.000   1.000      35.862     261.371    2.547     2.840    2.691      ✓
     74.07     15.00   1.000   1.000     107.140       0.000    2.549     2.549    7.467      ✓
    105.31     20.00   1.000   1.000     103.837       0.000    2.551     2.551    7.704      ✓
    104.90     20.00   1.000   1.000     103.085       0.000    2.569     2.569    7.761      ✓
    104.50     20.00   1.000   1.000     102.334       0.000    2.588     2.588    7.818      ✓
    342.34     15.00   1.000   1.000      34.080     261.371    2.590     2.859    2.708      ✓
     73.67     15.00   1.000   1.000     105.358       0.000    2.592     2.592    7.593      ✓
    104.10     20.00   1.000   1.000     101.582       0.000    2.607     2.607    7.875      ✓
    103.70     20.00   1.000   1.000     100.830       0.000    2.627     2.627    7.934      ✓
    342.74     15.00   1.000   1.000      32.298     261.371    2.634     2.878    2.724      ✓
     73.27     15.00   1.000   1.000     103.576       0.000    2.637     2.637    7.724      ✓
    103.30     20.00   1.000   1.000     100.078       0.000    2.646     2.646    7.994      ✓
    102.90     20.00   1.000   1.000      99.327       0.000    2.666     2.666    8.054      ✓
    343.14     15.00   1.000   1.000      30.516     261.371    2.680     2.896    2.741      ✓
     72.87     15.00   1.000   1.000     101.794       0.000    2.683     2.683    7.859      ✓
    102.50     20.00   1.000   1.000      98.575       0.000    2.687     2.687    8.116      ✓
    102.10     20.00   1.000   1.000      97.823       0.000    2.707     2.707    8.178      ✓
    343.54     15.00   1.000   1.000      28.734     261.371    2.728     2.913    2.758      ✓
    101.70     20.00   1.000   1.000      97.071       0.000    2.728     2.728    8.241      ✓
     72.47     15.00   1.000   1.000     100.012       0.000    2.731     2.731    7.999      ✓
    101.30     20.00   1.000   1.000      96.320       0.000    2.750     2.750    8.306      ✓
    100.90     20.00   1.000   1.000      95.568       0.000    2.771     2.771    8.371      ✓
    343.94     15.00   1.000   1.000      26.952     261.371    2.777     2.930    2.775      ✓
     72.07     15.00   1.000   1.000      98.230       0.000    2.780     2.780    8.144      ✓
    100.50     20.00   1.000   1.000      94.816       0.000    2.793     2.793    8.437      ✓
    100.10     20.00   1.000   1.000      94.064       0.000    2.816     2.816    8.505      ✓
    344.34     15.00   1.000   1.000      25.170     261.371    2.829     2.946    2.792      ✓
     71.67     15.00   1.000   1.000      96.448       0.000    2.832     2.832    8.295      ✓
    344.74     15.00   1.000   1.000      23.388     261.371    2.882     2.961    2.809      ✓
     71.27     15.00   1.000   1.000      94.666       0.000    2.885     2.885    8.451      ✓
    345.15     15.00   1.000   1.000      21.606     261.371    2.937     2.975    2.827      ✓
     70.87     15.00   1.000   1.000      92.884       0.000    2.940     2.940    8.613      ✓
    345.55     15.00   1.000   1.000      19.824     261.371    2.994     2.988    2.845      ✓
     70.47     15.00   1.000   1.000      91.102       0.000    2.998     2.998    8.781      ✓
    345.95     15.00   1.000   1.000      18.042     261.371    3.054     3.000    2.863      ✓
     70.07     15.00   1.000   1.000      89.321       0.000    3.058     3.058    8.957      ✓
    346.35     15.00   1.000   1.000      16.260     261.371    3.116     3.011    2.882      ✓
     69.67     15.00   1.000   1.000      87.539       0.000    3.120     3.120    9.139      ✓
    346.75     15.00   1.000   1.000      14.478     261.371    3.181     3.021    2.900      ✓
     69.27     15.00   1.000   1.000      85.757       0.000    3.185     3.185    9.329      ✓
    347.15     15.00   1.000   1.000      12.696     261.371    3.248     3.030    2.919      ✓
     68.87     15.00   1.000   1.000      83.975       0.000    3.252     3.252    9.527      ✓
    347.55     15.00   1.000   1.000      10.914     261.371    3.319     3.038    2.938      ✓
     68.47     15.00   1.000   1.000      82.193       0.000    3.323     3.323    9.733      ✓
    347.95     15.00   1.000   1.000       9.133     261.371    3.392     3.045    2.957      ✓
     68.07     15.00   1.000   1.000      80.411       0.000    3.397     3.397    9.949      ✓
    348.35     15.00   1.000   1.000       7.351     261.371    3.469     3.050    2.977      ✓
     67.67     15.00   1.000   1.000      78.629       0.000    3.474     3.474   10.174      ✓
    348.75     15.00   1.000   1.000       5.569     261.371    3.549     3.055    2.997      ✓
     67.27     15.00   1.000   1.000      76.847       0.000    3.554     3.554   10.410      ✓
    349.15     15.00   1.000   1.000       3.787     261.371    3.633     3.058    3.017      ✓
     66.87     15.00   1.000   1.000      75.065       0.000    3.638     3.638   10.657      ✓
    349.55     15.00   1.000   1.000       2.005     261.371    3.721     3.060    3.037      ✓
     66.47     15.00   1.000   1.000      73.283       0.000    3.727     3.727   10.917      ✓
    349.95     15.00   1.000   1.000       0.223     261.371    3.814     3.061    3.058      ✓
     66.07     15.00   1.000   1.000      71.501       0.000    3.820     3.820   11.189      ✓
    350.35     15.00   1.000   1.000       0.000     261.371    3.826     3.061    3.061      ✓
    350.75     15.00   1.000   1.000       0.000     261.371    3.826     3.061    3.061      ✓
    351.15     15.00   1.000   1.000       0.000     261.371    3.826     3.061    3.061      ✓
    351.55     15.00   1.000   1.000       0.000     261.371    3.826     3.061    3.061      ✓
    351.95     15.00   1.000   1.000       0.000     261.371    3.826     3.061    3.061      ✓
    352.35     15.00   1.000   1.000       0.000     261.371    3.826     3.061    3.061      ✓
    352.75     15.00   1.000   1.000       0.000     261.371    3.826     3.061    3.061      ✓
    353.15     15.00   1.000   1.000       0.000     261.371    3.826     3.061    3.061      ✓
    353.55     15.00   1.000   1.000       0.000     261.371    3.826     3.061    3.061      ✓
    353.95     15.00   1.000   1.000       0.000     261.371    3.826     3.061    3.061      ✓
    354.35     15.00   1.000   1.000       0.000     261.371    3.826     3.061    3.061      ✓
    354.75     15.00   1.000   1.000       0.000     261.371    3.826     3.061    3.061      ✓
    355.16     15.00   1.000   1.000       0.000     261.371    3.826     3.061    3.061      ✓
    355.56     15.00   1.000   1.000       0.000     261.371    3.826     3.061    3.061      ✓
    355.96     15.00   1.000   1.000       0.000     261.371    3.826     3.061    3.061      ✓
    356.36     15.00   1.000   1.000       0.000     261.371    3.826     3.061    3.061      ✓
    356.76     15.00   1.000   1.000       0.000     261.371    3.826     3.061    3.061      ✓
    357.16     15.00   1.000   1.000       0.000     261.371    3.826     3.061    3.061      ✓
    357.56     15.00   1.000   1.000       0.000     261.371    3.826     3.061    3.061      ✓
    357.96     15.00   1.000   1.000       0.000     261.371    3.826     3.061    3.061      ✓
    358.36     15.00   1.000   1.000       0.000     261.371    3.826     3.061    3.061      ✓
    358.76     15.00   1.000   1.000       0.000     261.371    3.826     3.061    3.061      ✓
    359.16     15.00   1.000   1.000       0.000     261.371    3.826     3.061    3.061      ✓
    359.56     15.00   1.000   1.000       0.000     261.371    3.826     3.061    3.061      ✓
    359.96     15.00   1.000   1.000       0.000     261.371    3.826     3.061    3.061      ✓
    360.36     15.00   1.000   1.000       0.000     261.371    3.826     3.061    3.061      ✓
    360.76     15.00   1.000   1.000       0.000     261.371    3.826     3.061    3.061      ✓
    361.16     15.00   1.000   1.000       0.000     261.371    3.826     3.061    3.061      ✓
    361.56     15.00   1.000   1.000       0.000     261.371    3.826     3.061    3.061      ✓
    361.96     15.00   1.000   1.000       0.000     261.371    3.826     3.061    3.061      ✓
    362.36     15.00   1.000   1.000       0.000     261.371    3.826     3.061    3.061      ✓
    362.76     15.00   1.000   1.000       0.000     261.371    3.826     3.061    3.061      ✓
    363.16     15.00   1.000   1.000       0.000     261.371    3.826     3.061    3.061      ✓
    363.56     15.00   1.000   1.000       0.000     261.371    3.826     3.061    3.061      ✓
    363.96     15.00   1.000   1.000       0.000     261.371    3.826     3.061    3.061      ✓
    364.36     15.00   1.000   1.000       0.000     261.371    3.826     3.061    3.061      ✓
    364.76     15.00   1.000   1.000       0.000     261.371    3.826     3.061    3.061      ✓
    365.17     15.00   1.000   1.000       0.000     261.371    3.826     3.061    3.061      ✓
    365.57     15.00   1.000   1.000       0.000     261.371    3.826     3.061    3.061      ✓
    365.97     15.00   1.000   1.000       0.000     261.371    3.826     3.061    3.061      ✓
    366.37     15.00   1.000   1.000       0.000     261.371    3.826     3.061    3.061      ✓
    366.77     15.00   1.000   1.000       0.000     261.371    3.826     3.061    3.061      ✓
    367.17     15.00   1.000   1.000       0.000     261.371    3.826     3.061    3.061      ✓
    367.57     15.00   1.000   1.000       0.000     261.371    3.826     3.061    3.061      ✓
    367.97     15.00   1.000   1.000       0.000     261.371    3.826     3.061    3.061      ✓
    368.37     15.00   1.000   1.000       0.000     261.371    3.826     3.061    3.061      ✓
    368.77     15.00   1.000   1.000       0.000     261.371    3.826     3.061    3.061      ✓
    369.17     15.00   1.000   1.000       0.000     261.371    3.826     3.061    3.061      ✓
    369.57     15.00   1.000   1.000       0.000     261.371    3.826     3.061    3.061      ✓
    369.97     15.00   1.000   1.000       0.000     261.371    3.826     3.061    3.061      ✓
    370.37     15.00   1.000   1.000       0.000     261.371    3.826     3.061    3.061      ✓
    370.77     15.00   1.000   1.000       0.000     261.371    3.826     3.061    3.061      ✓
    371.17     15.00   1.000   1.000       0.000     261.371    3.826     3.061    3.061      ✓
    371.57     15.00   1.000   1.000       0.000     261.371    3.826     3.061    3.061      ✓
    371.97     15.00   1.000   1.000       0.000     261.371    3.826     3.061    3.061      ✓
    372.37     15.00   1.000   1.000       0.000     261.371    3.826     3.061    3.061      ✓
    372.77     15.00   1.000   1.000       0.000     261.371    3.826     3.061    3.061      ✓
    373.17     15.00   1.000   1.000       0.000     261.371    3.826     3.061    3.061      ✓
    373.57     15.00   1.000   1.000       0.000     261.371    3.826     3.061    3.061      ✓
    373.97     15.00   1.000   1.000       0.000     261.371    3.826     3.061    3.061      ✓
    374.37     15.00   1.000   1.000       0.000     261.371    3.826     3.061    3.061      ✓
    374.77     15.00   1.000   1.000       0.000     261.371    3.826     3.061    3.061      ✓
    375.18     15.00   1.000   1.000       0.000     261.371    3.826     3.061    3.061      ✓
    375.58     15.00   1.000   1.000       0.000     261.371    3.826     3.061    3.061      ✓
    375.98     15.00   1.000   1.000       0.000     261.371    3.826     3.061    3.061      ✓
    376.38     15.00   1.000   1.000       0.000     261.371    3.826     3.061    3.061      ✓
    376.78     15.00   1.000   1.000       0.000     261.371    3.826     3.061    3.061      ✓
    377.18     15.00   1.000   1.000       0.000     261.371    3.826     3.061    3.061      ✓
    377.58     15.00   1.000   1.000       0.000     261.371    3.826     3.061    3.061      ✓
    377.98     15.00   1.000   1.000       0.000     261.371    3.826     3.061    3.061      ✓
    378.38     15.00   1.000   1.000       0.000     261.371    3.826     3.061    3.061      ✓
    378.78     15.00   1.000   1.000       0.000     261.371    3.826     3.061    3.061      ✓
    379.18     15.00   1.000   1.000       0.000     261.371    3.826     3.061    3.061      ✓
    379.58     15.00   1.000   1.000       0.000     261.371    3.826     3.061    3.061      ✓
    379.98     15.00   1.000   1.000       0.000     261.371    3.826     3.061    3.061      ✓
    380.38     15.00   1.000   1.000       0.000     261.371    3.826     3.061    3.061      ✓
    380.78     15.00   1.000   1.000       0.000     261.371    3.826     3.061    3.061      ✓
    381.18     15.00   1.000   1.000       0.000     261.371    3.826     3.061    3.061      ✓
    381.58     15.00   1.000   1.000       0.000     261.371    3.826     3.061    3.061      ✓
    381.98     15.00   1.000   1.000       0.000     261.371    3.826     3.061    3.061      ✓
    382.38     15.00   1.000   1.000       0.000     261.371    3.826     3.061    3.061      ✓
    382.78     15.00   1.000   1.000       0.000     261.371    3.826     3.061    3.061      ✓
    383.18     15.00   1.000   1.000       0.000     261.371    3.826     3.061    3.061      ✓
    383.58     15.00   1.000   1.000       0.000     261.371    3.826     3.061    3.061      ✓
    383.98     15.00   1.000   1.000       0.000     261.371    3.826     3.061    3.061      ✓
    384.38     15.00   1.000   1.000       0.000     261.371    3.826     3.061    3.061      ✓
    384.78     15.00   1.000   1.000       0.000     261.371    3.826     3.061    3.061      ✓
    385.19     15.00   1.000   1.000       0.000     261.371    3.826     3.061    3.061      ✓
    385.59     15.00   1.000   1.000       0.000     261.371    3.826     3.061    3.061      ✓
    385.99     15.00   1.000   1.000       0.000     261.371    3.826     3.061    3.061      ✓
    386.39     15.00   1.000   1.000       0.000     261.371    3.826     3.061    3.061      ✓
    386.79     15.00   1.000   1.000       0.000     261.371    3.826     3.061    3.061      ✓
    387.19     15.00   1.000   1.000       0.000     261.371    3.826     3.061    3.061      ✓
    387.59     15.00   1.000   1.000       0.000     261.371    3.826     3.061    3.061      ✓
    387.99     15.00   1.000   1.000       0.000     261.371    3.826     3.061    3.061      ✓
    388.39     15.00   1.000   1.000       0.000     261.371    3.826     3.061    3.061      ✓
    388.79     15.00   1.000   1.000       0.000     261.371    3.826     3.061    3.061      ✓
    389.19     15.00   1.000   1.000       0.000     261.371    3.826     3.061    3.061      ✓
    389.59     15.00   1.000   1.000       0.000     261.371    3.826     3.061    3.061      ✓
    389.99     15.00   1.000   1.000       0.000     261.371    3.826     3.061    3.061      ✓
    390.39     15.00   1.000   1.000       0.000     261.371    3.826     3.061    3.061      ✓
    390.79     15.00   1.000   1.000       0.000     261.371    3.826     3.061    3.061      ✓
    391.19     15.00   1.000   1.000       0.000     261.371    3.826     3.061    3.061      ✓
    391.59     15.00   1.000   1.000       0.000     261.371    3.826     3.061    3.061      ✓
    391.99     15.00   1.000   1.000       0.000     261.371    3.826     3.061    3.061      ✓
    392.39     15.00   1.000   1.000       0.000     261.371    3.826     3.061    3.061      ✓
    392.79     15.00   1.000   1.000       0.000     261.371    3.826     3.061    3.061      ✓
    393.19     15.00   1.000   1.000       0.000     261.371    3.826     3.061    3.061      ✓
    393.59     15.00   1.000   1.000       0.000     261.371    3.826     3.061    3.061      ✓
    393.99     15.00   1.000   1.000       0.000     261.371    3.826     3.061    3.061      ✓
    394.39     15.00   1.000   1.000       0.000     261.371    3.826     3.061    3.061      ✓
    394.79     15.00   1.000   1.000       0.000     261.371    3.826     3.061    3.061      ✓
    395.20     15.00   1.000   1.000       0.000     261.371    3.826     3.061    3.061      ✓
    395.60     15.00   1.000   1.000       0.000     261.371    3.826     3.061    3.061      ✓
    396.00     15.00   1.000   1.000       0.000     261.371    3.826     3.061    3.061      ✓
    396.40     15.00   1.000   1.000       0.000     261.371    3.826     3.061    3.061      ✓
    396.80     15.00   1.000   1.000       0.000     261.371    3.826     3.061    3.061      ✓
    397.20     15.00   1.000   1.000       0.000     261.371    3.826     3.061    3.061      ✓
    397.60     15.00   1.000   1.000       0.000     261.371    3.826     3.061    3.061      ✓
    398.00     15.00   1.000   1.000       0.000     261.371    3.826     3.061    3.061      ✓
    398.40     15.00   1.000   1.000       0.000     261.371    3.826     3.061    3.061      ✓
    398.80     15.00   1.000   1.000       0.000     261.371    3.826     3.061    3.061      ✓
    399.20     15.00   1.000   1.000       0.000     261.371    3.826     3.061    3.061      ✓
    399.60     15.00   1.000   1.000       0.000     261.371    3.826     3.061    3.061      ✓
    400.00     15.00   1.000   1.000       0.000     261.371    3.826     3.061    3.061      ✓
     65.67     15.00   1.000   1.000      69.719       0.000    3.917     3.917   11.475      ✓
     65.27     15.00   1.000   1.000      67.937       0.000    4.020     4.020   11.776      ✓
     64.86     15.00   1.000   1.000      66.155       0.000    4.128     4.128   12.093      ✓
     64.46     15.00   1.000   1.000      64.373       0.000    4.243     4.243   12.428      ✓
     64.06     15.00   1.000   1.000      62.591       0.000    4.364     4.364   12.781      ✓
     63.66     15.00   1.000   1.000      60.809       0.000    4.491     4.491   13.156      ✓
     63.26     15.00   1.000   1.000      59.027       0.000    4.627     4.627   13.553      ✓
     62.86     15.00   1.000   1.000      57.245       0.000    4.771     4.771   13.975      ✓
     62.46     15.00   1.000   1.000      55.463       0.000    4.924     4.924   14.424      ✓
     62.06     15.00   1.000   1.000      53.681       0.000    5.088     5.088   14.903      ✓
     61.66     15.00   1.000   1.000      51.899       0.000    5.262     5.262   15.414      ✓
     61.26     15.00   1.000   1.000      50.118       0.000    5.450     5.450   15.962      ✓
     60.86     15.00   1.000   1.000      48.336       0.000    5.650     5.650   16.551      ✓
     60.46     15.00   1.000   1.000      46.554       0.000    5.867     5.867   17.184      ✓
     60.06     15.00   1.000   1.000      44.772       0.000    6.100     6.100   17.868      ✓
     59.66     15.00   1.000   1.000      42.990       0.000    6.353     6.353   18.609      ✓
     59.26     15.00   1.000   1.000      41.208       0.000    6.628     6.628   19.414      ✓
     58.86     15.00   1.000   1.000      39.426       0.000    6.927     6.927   20.291      ✓
     58.46     15.00   1.000   1.000      37.644       0.000    7.255     7.255   21.252      ✓
     58.06     15.00   1.000   1.000      35.862       0.000    7.616     7.616   22.308      ✓
     57.66     15.00   1.000   1.000      34.080       0.000    8.014     8.014   23.474      ✓
     57.26     15.00   1.000   1.000      32.298       0.000    8.456     8.456   24.769      ✓
     56.86     15.00   1.000   1.000      30.516       0.000    8.950     8.950   26.216      ✓
     56.46     15.00   1.000   1.000      28.734       0.000    9.505     9.505   27.842      ✓
     56.06     15.00   1.000   1.000      26.952       0.000   10.133    10.133   29.682      ✓
     55.66     15.00   1.000   1.000      25.170       0.000   10.851    10.851   31.784      ✓
     55.26     15.00   1.000   1.000      23.388       0.000   11.678    11.678   34.205      ✓
     54.85     15.00   1.000   1.000      21.606       0.000   12.641    12.641   37.026      ✓
     54.45     15.00   1.000   1.000      19.824       0.000   13.777    13.777   40.355      ✓
     54.05     15.00   1.000   1.000      18.042       0.000   15.138    15.138   44.340      ✓
     53.65     15.00   1.000   1.000      16.260       0.000   16.797    16.797   49.199      ✓
     53.25     15.00   1.000   1.000      14.478       0.000   18.864    18.864   55.255      ✓
     52.85     15.00   1.000   1.000      12.696       0.000   21.511    21.511   63.010      ✓
     52.45     15.00   1.000   1.000      10.914       0.000   25.023    25.023   73.297      ✓
     52.05     15.00   1.000   1.000       9.133       0.000   29.906    29.906   87.599      ✓
     51.65     15.00   1.000   1.000       7.351       0.000   37.156    37.156  108.835      ✓
     51.25     15.00   1.000   1.000       5.569       0.000   49.046    49.046  143.662      ✓
     50.85     15.00   1.000   1.000       3.787       0.000   72.127    72.127  211.268      ✓
     50.45     15.00   1.000   1.000       2.005       0.000  136.239   136.239  399.062      ✓
     50.05     15.00   1.000   1.000       0.223       0.000  1226.151  1226.151  3591.560      ✓
      0.00     15.00   1.000   1.000       0.000       0.000        ∞         ∞        ∞      ✓
      0.40     15.00   1.000   1.000       0.000       0.000        ∞         ∞        ∞      ✓
      0.80     15.00   1.000   1.000       0.000       0.000        ∞         ∞        ∞      ✓
      1.20     15.00   1.000   1.000       0.000       0.000        ∞         ∞        ∞      ✓
      1.60     15.00   1.000   1.000       0.000       0.000        ∞         ∞        ∞      ✓
      2.00     15.00   1.000   1.000       0.000       0.000        ∞         ∞        ∞      ✓
      2.40     15.00   1.000   1.000       0.000       0.000        ∞         ∞        ∞      ✓
      2.80     15.00   1.000   1.000       0.000       0.000        ∞         ∞        ∞      ✓
      3.20     15.00   1.000   1.000       0.000       0.000        ∞         ∞        ∞      ✓
      3.60     15.00   1.000   1.000       0.000       0.000        ∞         ∞        ∞      ✓
      4.00     15.00   1.000   1.000       0.000       0.000        ∞         ∞        ∞      ✓
      4.40     15.00   1.000   1.000       0.000       0.000        ∞         ∞        ∞      ✓
      4.80     15.00   1.000   1.000       0.000       0.000        ∞         ∞        ∞      ✓
      5.21     15.00   1.000   1.000       0.000       0.000        ∞         ∞        ∞      ✓
      5.61     15.00   1.000   1.000       0.000       0.000        ∞         ∞        ∞      ✓
      6.01     15.00   1.000   1.000       0.000       0.000        ∞         ∞        ∞      ✓
      6.41     15.00   1.000   1.000       0.000       0.000        ∞         ∞        ∞      ✓
      6.81     15.00   1.000   1.000       0.000       0.000        ∞         ∞        ∞      ✓
      7.21     15.00   1.000   1.000       0.000       0.000        ∞         ∞        ∞      ✓
      7.61     15.00   1.000   1.000       0.000       0.000        ∞         ∞        ∞      ✓
      8.01     15.00   1.000   1.000       0.000       0.000        ∞         ∞        ∞      ✓
      8.41     15.00   1.000   1.000       0.000       0.000        ∞         ∞        ∞      ✓
      8.81     15.00   1.000   1.000       0.000       0.000        ∞         ∞        ∞      ✓
      9.21     15.00   1.000   1.000       0.000       0.000        ∞         ∞        ∞      ✓
      9.61     15.00   1.000   1.000       0.000       0.000        ∞         ∞        ∞      ✓
     10.01     15.00   1.000   1.000       0.000       0.000        ∞         ∞        ∞      ✓
     10.41     15.00   1.000   1.000       0.000       0.000        ∞         ∞        ∞      ✓
     10.81     15.00   1.000   1.000       0.000       0.000        ∞         ∞        ∞      ✓
     11.21     15.00   1.000   1.000       0.000       0.000        ∞         ∞        ∞      ✓
     11.61     15.00   1.000   1.000       0.000       0.000        ∞         ∞        ∞      ✓
     12.01     15.00   1.000   1.000       0.000       0.000        ∞         ∞        ∞      ✓
     12.41     15.00   1.000   1.000       0.000       0.000        ∞         ∞        ∞      ✓
     12.81     15.00   1.000   1.000       0.000       0.000        ∞         ∞        ∞      ✓
     13.21     15.00   1.000   1.000       0.000       0.000        ∞         ∞        ∞      ✓
     13.61     15.00   1.000   1.000       0.000       0.000        ∞         ∞        ∞      ✓
     14.01     15.00   1.000   1.000       0.000       0.000        ∞         ∞        ∞      ✓
     14.41     15.00   1.000   1.000       0.000       0.000        ∞         ∞        ∞      ✓
     14.81     15.00   1.000   1.000       0.000       0.000        ∞         ∞        ∞      ✓
     15.22     15.00   1.000   1.000       0.000       0.000        ∞         ∞        ∞      ✓
     15.62     15.00   1.000   1.000       0.000       0.000        ∞         ∞        ∞      ✓
     16.02     15.00   1.000   1.000       0.000       0.000        ∞         ∞        ∞      ✓
     16.42     15.00   1.000   1.000       0.000       0.000        ∞         ∞        ∞      ✓
     16.82     15.00   1.000   1.000       0.000       0.000        ∞         ∞        ∞      ✓
     17.22     15.00   1.000   1.000       0.000       0.000        ∞         ∞        ∞      ✓
     17.62     15.00   1.000   1.000       0.000       0.000        ∞         ∞        ∞      ✓
     18.02     15.00   1.000   1.000       0.000       0.000        ∞         ∞        ∞      ✓
     18.42     15.00   1.000   1.000       0.000       0.000        ∞         ∞        ∞      ✓
     18.82     15.00   1.000   1.000       0.000       0.000        ∞         ∞        ∞      ✓
     19.22     15.00   1.000   1.000       0.000       0.000        ∞         ∞        ∞      ✓
     19.62     15.00   1.000   1.000       0.000       0.000        ∞         ∞        ∞      ✓
     20.02     15.00   1.000   1.000       0.000       0.000        ∞         ∞        ∞      ✓
     20.42     15.00   1.000   1.000       0.000       0.000        ∞         ∞        ∞      ✓
     20.82     15.00   1.000   1.000       0.000       0.000        ∞         ∞        ∞      ✓
     21.22     15.00   1.000   1.000       0.000       0.000        ∞         ∞        ∞      ✓
     21.62     15.00   1.000   1.000       0.000       0.000        ∞         ∞        ∞      ✓
     22.02     15.00   1.000   1.000       0.000       0.000        ∞         ∞        ∞      ✓
     22.42     15.00   1.000   1.000       0.000       0.000        ∞         ∞        ∞      ✓
     22.82     15.00   1.000   1.000       0.000       0.000        ∞         ∞        ∞      ✓
     23.22     15.00   1.000   1.000       0.000       0.000        ∞         ∞        ∞      ✓
     23.62     15.00   1.000   1.000       0.000       0.000        ∞         ∞        ∞      ✓
     24.02     15.00   1.000   1.000       0.000       0.000        ∞         ∞        ∞      ✓
     24.42     15.00   1.000   1.000       0.000       0.000        ∞         ∞        ∞      ✓
     24.82     15.00   1.000   1.000       0.000       0.000        ∞         ∞        ∞      ✓
     25.23     15.00   1.000   1.000       0.000       0.000        ∞         ∞        ∞      ✓
     25.63     15.00   1.000   1.000       0.000       0.000        ∞         ∞        ∞      ✓
     26.03     15.00   1.000   1.000       0.000       0.000        ∞         ∞        ∞      ✓
     26.43     15.00   1.000   1.000       0.000       0.000        ∞         ∞        ∞      ✓
     26.83     15.00   1.000   1.000       0.000       0.000        ∞         ∞        ∞      ✓
     27.23     15.00   1.000   1.000       0.000       0.000        ∞         ∞        ∞      ✓
     27.63     15.00   1.000   1.000       0.000       0.000        ∞         ∞        ∞      ✓
     28.03     15.00   1.000   1.000       0.000       0.000        ∞         ∞        ∞      ✓
     28.43     15.00   1.000   1.000       0.000       0.000        ∞         ∞        ∞      ✓
     28.83     15.00   1.000   1.000       0.000       0.000        ∞         ∞        ∞      ✓
     29.23     15.00   1.000   1.000       0.000       0.000        ∞         ∞        ∞      ✓
     29.63     15.00   1.000   1.000       0.000       0.000        ∞         ∞        ∞      ✓
     30.03     15.00   1.000   1.000       0.000       0.000        ∞         ∞        ∞      ✓
     30.43     15.00   1.000   1.000       0.000       0.000        ∞         ∞        ∞      ✓
     30.83     15.00   1.000   1.000       0.000       0.000        ∞         ∞        ∞      ✓
     31.23     15.00   1.000   1.000       0.000       0.000        ∞         ∞        ∞      ✓
     31.63     15.00   1.000   1.000       0.000       0.000        ∞         ∞        ∞      ✓
     32.03     15.00   1.000   1.000       0.000       0.000        ∞         ∞        ∞      ✓
     32.43     15.00   1.000   1.000       0.000       0.000        ∞         ∞        ∞      ✓
     32.83     15.00   1.000   1.000       0.000       0.000        ∞         ∞        ∞      ✓
     33.23     15.00   1.000   1.000       0.000       0.000        ∞         ∞        ∞      ✓
     33.63     15.00   1.000   1.000       0.000       0.000        ∞         ∞        ∞      ✓
     34.03     15.00   1.000   1.000       0.000       0.000        ∞         ∞        ∞      ✓
     34.43     15.00   1.000   1.000       0.000       0.000        ∞         ∞        ∞      ✓
     34.83     15.00   1.000   1.000       0.000       0.000        ∞         ∞        ∞      ✓
     35.24     15.00   1.000   1.000       0.000       0.000        ∞         ∞        ∞      ✓
     35.64     15.00   1.000   1.000       0.000       0.000        ∞         ∞        ∞      ✓
     36.04     15.00   1.000   1.000       0.000       0.000        ∞         ∞        ∞      ✓
     36.44     15.00   1.000   1.000       0.000       0.000        ∞         ∞        ∞      ✓
     36.84     15.00   1.000   1.000       0.000       0.000        ∞         ∞        ∞      ✓
     37.24     15.00   1.000   1.000       0.000       0.000        ∞         ∞        ∞      ✓
     37.64     15.00   1.000   1.000       0.000       0.000        ∞         ∞        ∞      ✓
     38.04     15.00   1.000   1.000       0.000       0.000        ∞         ∞        ∞      ✓
     38.44     15.00   1.000   1.000       0.000       0.000        ∞         ∞        ∞      ✓
     38.84     15.00   1.000   1.000       0.000       0.000        ∞         ∞        ∞      ✓
     39.24     15.00   1.000   1.000       0.000       0.000        ∞         ∞        ∞      ✓
     39.64     15.00   1.000   1.000       0.000       0.000        ∞         ∞        ∞      ✓
     40.04     15.00   1.000   1.000       0.000       0.000        ∞         ∞        ∞      ✓
     40.44     15.00   1.000   1.000       0.000       0.000        ∞         ∞        ∞      ✓
     40.84     15.00   1.000   1.000       0.000       0.000        ∞         ∞        ∞      ✓
     41.24     15.00   1.000   1.000       0.000       0.000        ∞         ∞        ∞      ✓
     41.64     15.00   1.000   1.000       0.000       0.000        ∞         ∞        ∞      ✓
     42.04     15.00   1.000   1.000       0.000       0.000        ∞         ∞        ∞      ✓
     42.44     15.00   1.000   1.000       0.000       0.000        ∞         ∞        ∞      ✓
     42.84     15.00   1.000   1.000       0.000       0.000        ∞         ∞        ∞      ✓
     43.24     15.00   1.000   1.000       0.000       0.000        ∞         ∞        ∞      ✓
     43.64     15.00   1.000   1.000       0.000       0.000        ∞         ∞        ∞      ✓
     44.04     15.00   1.000   1.000       0.000       0.000        ∞         ∞        ∞      ✓
     44.44     15.00   1.000   1.000       0.000       0.000        ∞         ∞        ∞      ✓
     44.84     15.00   1.000   1.000       0.000       0.000        ∞         ∞        ∞      ✓
     45.25     15.00   1.000   1.000       0.000       0.000        ∞         ∞        ∞      ✓
     45.65     15.00   1.000   1.000       0.000       0.000        ∞         ∞        ∞      ✓
     46.05     15.00   1.000   1.000       0.000       0.000        ∞         ∞        ∞      ✓
     46.45     15.00   1.000   1.000       0.000       0.000        ∞         ∞        ∞      ✓
     46.85     15.00   1.000   1.000       0.000       0.000        ∞         ∞        ∞      ✓
     47.25     15.00   1.000   1.000       0.000       0.000        ∞         ∞        ∞      ✓
     47.65     15.00   1.000   1.000       0.000       0.000        ∞         ∞        ∞      ✓
     48.05     15.00   1.000   1.000       0.000       0.000        ∞         ∞        ∞      ✓
     48.45     15.00   1.000   1.000       0.000       0.000        ∞         ∞        ∞      ✓
     48.85     15.00   1.000   1.000       0.000       0.000        ∞         ∞        ∞      ✓
     49.25     15.00   1.000   1.000       0.000       0.000        ∞         ∞        ∞      ✓
     49.65     15.00   1.000   1.000       0.000       0.000        ∞         ∞        ∞      ✓

MOST CRITICAL SECTION
--------------------------------------------------------------------------------
  x                     : 200.20  [mm]
  diameter              : 20.00  [mm]
  Kt                    : 1.0000
  Kf                    : 1.0000
  Kts                   : 1.0000
  Kfs                   : 1.0000
  q (bending)           : 1.0000
  qs (torsion)          : 1.0000
  Ma                    : 220895.71  [N·mm]
  Tm                    : 100000.00  [N·mm]
  Se'                   : 264.84  [MPa]
  ka                    : 0.7231
  kb                    : 0.8999
  ke                    : 0.8140
  sigma_a               : 281.253  [MPa]
  sigma_m               : 110.266  [MPa]
  nf_goodman            : 0.853
  nf_asme               : 0.934
  ny                    : 2.043
  Safe                  : ✗
  Langer OK             : ✓

================================================================================
STATUS : WARNING: 94 section(s) unsafe
================================================================================